7.356000000000000000e+03
8.296000000000000000e+03
6.853000000000000000e+03
7.121000000000000000e+03
7.403000000000000000e+03
7.329000000000000000e+03
6.986000000000000000e+03
6.886000000000000000e+03
7.291000000000000000e+03
7.382000000000000000e+03
7.427000000000000000e+03
7.468000000000000000e+03
7.101000000000000000e+03
6.999000000000000000e+03
7.114000000000000000e+03
7.412000000000000000e+03
7.454000000000000000e+03
7.966000000000000000e+03
6.321000000000000000e+03
6.967000000000000000e+03
7.991000000000000000e+03
7.391000000000000000e+03
7.447000000000000000e+03
7.139000000000000000e+03
7.532000000000000000e+03
6.434000000000000000e+03
7.121000000000000000e+03
6.600000000000000000e+03
6.099000000000000000e+03
7.309000000000000000e+03
7.156000000000000000e+03
7.225000000000000000e+03
6.775000000000000000e+03
5.940000000000000000e+03
6.931000000000000000e+03
7.350000000000000000e+03
7.649000000000000000e+03
6.568000000000000000e+03
7.437000000000000000e+03
7.811000000000000000e+03
8.030000000000000000e+03
6.859000000000000000e+03
6.972000000000000000e+03
6.863000000000000000e+03
6.835000000000000000e+03
6.881000000000000000e+03
7.406000000000000000e+03
7.127000000000000000e+03
6.756000000000000000e+03
7.532000000000000000e+03
7.352000000000000000e+03
7.411000000000000000e+03
7.448000000000000000e+03
7.868000000000000000e+03
6.696000000000000000e+03
6.890000000000000000e+03
7.742000000000000000e+03
6.373000000000000000e+03
7.458000000000000000e+03
7.835000000000000000e+03
6.860000000000000000e+03
7.448000000000000000e+03
6.831000000000000000e+03
6.681000000000000000e+03
6.915000000000000000e+03
6.559000000000000000e+03
7.537000000000000000e+03
6.773000000000000000e+03
5.969000000000000000e+03
8.379000000000000000e+03
6.269000000000000000e+03
7.352000000000000000e+03
7.375000000000000000e+03
6.552000000000000000e+03
6.622000000000000000e+03
8.040000000000000000e+03
7.596000000000000000e+03
6.606000000000000000e+03
7.070000000000000000e+03
8.234000000000000000e+03
7.455000000000000000e+03
6.774000000000000000e+03
7.482000000000000000e+03
6.196000000000000000e+03
6.574000000000000000e+03
7.358000000000000000e+03
6.475000000000000000e+03
7.873000000000000000e+03
7.046000000000000000e+03
8.215000000000000000e+03
7.149000000000000000e+03
6.028000000000000000e+03
7.164000000000000000e+03
6.352000000000000000e+03
6.252000000000000000e+03
6.482000000000000000e+03
6.529000000000000000e+03
6.759000000000000000e+03
7.048000000000000000e+03
6.501000000000000000e+03
6.642000000000000000e+03
6.467000000000000000e+03
7.292000000000000000e+03
7.422000000000000000e+03
7.506000000000000000e+03
6.720000000000000000e+03
7.671000000000000000e+03
7.238000000000000000e+03
6.295000000000000000e+03
6.612000000000000000e+03
6.933000000000000000e+03
7.049000000000000000e+03
7.731000000000000000e+03
7.795000000000000000e+03
6.882000000000000000e+03
6.750000000000000000e+03
7.253000000000000000e+03
6.055000000000000000e+03
7.029000000000000000e+03
6.747000000000000000e+03
7.301000000000000000e+03
6.739000000000000000e+03
8.395000000000000000e+03
7.085000000000000000e+03
6.509000000000000000e+03
6.204000000000000000e+03
7.962000000000000000e+03
6.760000000000000000e+03
7.251000000000000000e+03
6.481000000000000000e+03
6.194000000000000000e+03
7.393000000000000000e+03
6.990000000000000000e+03
6.526000000000000000e+03
6.442000000000000000e+03
6.382000000000000000e+03
7.402000000000000000e+03
6.844000000000000000e+03
6.790000000000000000e+03
7.483000000000000000e+03
6.579000000000000000e+03
7.420000000000000000e+03
6.818000000000000000e+03
7.300000000000000000e+03
6.672000000000000000e+03
7.179000000000000000e+03
7.429000000000000000e+03
7.634000000000000000e+03
6.779000000000000000e+03
7.015000000000000000e+03
7.140000000000000000e+03
6.867000000000000000e+03
7.003000000000000000e+03
7.116000000000000000e+03
6.833000000000000000e+03
6.801000000000000000e+03
7.185000000000000000e+03
7.455000000000000000e+03
6.555000000000000000e+03
7.447000000000000000e+03
7.037000000000000000e+03
6.651000000000000000e+03
6.574000000000000000e+03
6.561000000000000000e+03
6.840000000000000000e+03
6.513000000000000000e+03
6.605000000000000000e+03
7.310000000000000000e+03
6.462000000000000000e+03
6.074000000000000000e+03
7.622000000000000000e+03
7.445000000000000000e+03
7.554000000000000000e+03
6.430000000000000000e+03
6.373000000000000000e+03
6.197000000000000000e+03
7.381000000000000000e+03
7.049000000000000000e+03
7.240000000000000000e+03
7.548000000000000000e+03
6.578000000000000000e+03
7.578000000000000000e+03
7.353000000000000000e+03
7.594000000000000000e+03
6.959000000000000000e+03
7.179000000000000000e+03
6.624000000000000000e+03
7.123000000000000000e+03
6.473000000000000000e+03
7.050000000000000000e+03
7.506000000000000000e+03
6.697000000000000000e+03
6.918000000000000000e+03
6.485000000000000000e+03
6.708000000000000000e+03
7.342000000000000000e+03
6.782000000000000000e+03
7.465000000000000000e+03
6.621000000000000000e+03
7.379000000000000000e+03
7.229000000000000000e+03
7.069000000000000000e+03
6.467000000000000000e+03
6.905000000000000000e+03
7.597000000000000000e+03
6.655000000000000000e+03
7.474000000000000000e+03
7.153000000000000000e+03
7.510000000000000000e+03
7.399000000000000000e+03
7.765000000000000000e+03
6.978000000000000000e+03
6.940000000000000000e+03
6.778000000000000000e+03
6.084000000000000000e+03
7.192000000000000000e+03
7.527000000000000000e+03
7.580000000000000000e+03
7.369000000000000000e+03
6.520000000000000000e+03
8.116000000000000000e+03
7.081000000000000000e+03
7.491000000000000000e+03
7.265000000000000000e+03
7.784000000000000000e+03
6.611000000000000000e+03
6.744000000000000000e+03
6.419000000000000000e+03
7.468000000000000000e+03
8.010000000000000000e+03
7.175000000000000000e+03
7.112000000000000000e+03
7.770000000000000000e+03
7.163000000000000000e+03
6.492000000000000000e+03
7.530000000000000000e+03
7.321000000000000000e+03
6.384000000000000000e+03
7.052000000000000000e+03
6.918000000000000000e+03
7.389000000000000000e+03
8.108000000000000000e+03
5.864000000000000000e+03
6.739000000000000000e+03
7.016000000000000000e+03
6.368000000000000000e+03
7.375000000000000000e+03
7.486000000000000000e+03
6.546000000000000000e+03
7.031000000000000000e+03
7.348000000000000000e+03
7.243000000000000000e+03
6.917000000000000000e+03
7.515000000000000000e+03
8.004000000000000000e+03
7.066000000000000000e+03
7.730000000000000000e+03
7.010000000000000000e+03
7.409000000000000000e+03
6.367000000000000000e+03
7.803000000000000000e+03
7.254000000000000000e+03
7.971000000000000000e+03
7.052000000000000000e+03
7.312000000000000000e+03
6.674000000000000000e+03
7.057000000000000000e+03
6.642000000000000000e+03
7.101000000000000000e+03
7.244000000000000000e+03
6.896000000000000000e+03
6.782000000000000000e+03
6.430000000000000000e+03
6.758000000000000000e+03
6.363000000000000000e+03
6.930000000000000000e+03
7.257000000000000000e+03
7.146000000000000000e+03
7.312000000000000000e+03
7.632000000000000000e+03
7.095000000000000000e+03
7.451000000000000000e+03
7.016000000000000000e+03
8.710000000000000000e+03
6.317000000000000000e+03
6.534000000000000000e+03
7.707000000000000000e+03
6.378000000000000000e+03
7.049000000000000000e+03
7.796000000000000000e+03
8.204000000000000000e+03
6.305000000000000000e+03
6.373000000000000000e+03
6.447000000000000000e+03
6.991000000000000000e+03
6.628000000000000000e+03
7.165000000000000000e+03
6.704000000000000000e+03
7.307000000000000000e+03
7.289000000000000000e+03
7.144000000000000000e+03
6.652000000000000000e+03
6.781000000000000000e+03
7.292000000000000000e+03
6.735000000000000000e+03
6.635000000000000000e+03
6.751000000000000000e+03
6.496000000000000000e+03
6.540000000000000000e+03
7.066000000000000000e+03
7.482000000000000000e+03
6.481000000000000000e+03
6.149000000000000000e+03
7.932000000000000000e+03
6.351000000000000000e+03
7.668000000000000000e+03
6.479000000000000000e+03
7.579000000000000000e+03
6.902000000000000000e+03
6.808000000000000000e+03
7.182000000000000000e+03
7.213000000000000000e+03
6.868000000000000000e+03
7.092000000000000000e+03
6.354000000000000000e+03
7.829000000000000000e+03
6.752000000000000000e+03
6.921000000000000000e+03
6.734000000000000000e+03
7.570000000000000000e+03
6.804000000000000000e+03
6.350000000000000000e+03
7.145000000000000000e+03
6.545000000000000000e+03
6.502000000000000000e+03
7.117000000000000000e+03
7.162000000000000000e+03
7.320000000000000000e+03
6.646000000000000000e+03
6.798000000000000000e+03
7.092000000000000000e+03
6.900000000000000000e+03
6.991000000000000000e+03
6.595000000000000000e+03
6.518000000000000000e+03
7.578000000000000000e+03
6.479000000000000000e+03
6.975000000000000000e+03
6.827000000000000000e+03
5.958000000000000000e+03
7.754000000000000000e+03
6.786000000000000000e+03
6.774000000000000000e+03
7.509000000000000000e+03
6.705000000000000000e+03
7.012000000000000000e+03
7.158000000000000000e+03
7.305000000000000000e+03
7.051000000000000000e+03
7.164000000000000000e+03
6.572000000000000000e+03
6.554000000000000000e+03
7.031000000000000000e+03
7.155000000000000000e+03
7.452000000000000000e+03
6.144000000000000000e+03
7.084000000000000000e+03
6.126000000000000000e+03
6.583000000000000000e+03
6.396000000000000000e+03
7.639000000000000000e+03
6.482000000000000000e+03
7.497000000000000000e+03
7.429000000000000000e+03
7.478000000000000000e+03
7.789000000000000000e+03
7.701000000000000000e+03
6.665000000000000000e+03
7.013000000000000000e+03
7.078000000000000000e+03
7.059000000000000000e+03
7.516000000000000000e+03
6.755000000000000000e+03
7.071000000000000000e+03
7.149000000000000000e+03
6.637000000000000000e+03
7.514000000000000000e+03
6.805000000000000000e+03
7.484000000000000000e+03
6.797000000000000000e+03
7.155000000000000000e+03
7.098000000000000000e+03
5.578000000000000000e+03
6.832000000000000000e+03
7.825000000000000000e+03
7.077000000000000000e+03
6.515000000000000000e+03
6.587000000000000000e+03
7.037000000000000000e+03
7.691000000000000000e+03
6.865000000000000000e+03
7.046000000000000000e+03
6.522000000000000000e+03
6.592000000000000000e+03
7.504000000000000000e+03
7.598000000000000000e+03
6.832000000000000000e+03
7.330000000000000000e+03
7.198000000000000000e+03
6.968000000000000000e+03
7.669000000000000000e+03
7.032000000000000000e+03
6.734000000000000000e+03
6.868000000000000000e+03
6.893000000000000000e+03
7.826000000000000000e+03
7.560000000000000000e+03
7.254000000000000000e+03
7.376000000000000000e+03
7.352000000000000000e+03
8.245000000000000000e+03
7.073000000000000000e+03
7.485000000000000000e+03
7.122000000000000000e+03
8.052000000000000000e+03
7.353000000000000000e+03
8.682000000000000000e+03
7.240000000000000000e+03
6.584000000000000000e+03
7.562000000000000000e+03
7.544000000000000000e+03
6.874000000000000000e+03
7.240000000000000000e+03
6.922000000000000000e+03
7.487000000000000000e+03
6.818000000000000000e+03
6.917000000000000000e+03
6.338000000000000000e+03
6.962000000000000000e+03
7.244000000000000000e+03
6.243000000000000000e+03
8.306000000000000000e+03
6.577000000000000000e+03
7.069000000000000000e+03
6.746000000000000000e+03
8.666000000000000000e+03
6.578000000000000000e+03
6.824000000000000000e+03
6.090000000000000000e+03
6.915000000000000000e+03
6.792000000000000000e+03
7.466000000000000000e+03
7.085000000000000000e+03
7.901000000000000000e+03
6.455000000000000000e+03
6.971000000000000000e+03
6.748000000000000000e+03
7.165000000000000000e+03
7.060000000000000000e+03
6.879000000000000000e+03
7.560000000000000000e+03
6.767000000000000000e+03
7.335000000000000000e+03
7.008000000000000000e+03
6.369000000000000000e+03
6.692000000000000000e+03
6.199000000000000000e+03
7.473000000000000000e+03
7.333000000000000000e+03
6.898000000000000000e+03
6.183000000000000000e+03
7.932000000000000000e+03
7.525000000000000000e+03
7.122000000000000000e+03
7.381000000000000000e+03
6.454000000000000000e+03
7.883000000000000000e+03
6.840000000000000000e+03
6.453000000000000000e+03
7.102000000000000000e+03
7.376000000000000000e+03
7.374000000000000000e+03
7.402000000000000000e+03
6.489000000000000000e+03
6.840000000000000000e+03
6.852000000000000000e+03
7.049000000000000000e+03
7.962000000000000000e+03
7.202000000000000000e+03
7.387000000000000000e+03
8.999000000000000000e+03
6.718000000000000000e+03
7.866000000000000000e+03
6.654000000000000000e+03
6.985000000000000000e+03
7.164000000000000000e+03
6.999000000000000000e+03
7.052000000000000000e+03
6.837000000000000000e+03
7.303000000000000000e+03
7.362000000000000000e+03
6.768000000000000000e+03
7.565000000000000000e+03
7.000000000000000000e+03
7.428000000000000000e+03
7.277000000000000000e+03
6.456000000000000000e+03
6.611000000000000000e+03
6.601000000000000000e+03
6.330000000000000000e+03
7.231000000000000000e+03
7.723000000000000000e+03
7.025000000000000000e+03
7.271000000000000000e+03
6.752000000000000000e+03
6.125000000000000000e+03
7.036000000000000000e+03
6.885000000000000000e+03
7.164000000000000000e+03
7.004000000000000000e+03
6.780000000000000000e+03
6.841000000000000000e+03
7.533000000000000000e+03
7.434000000000000000e+03
6.808000000000000000e+03
6.764000000000000000e+03
7.158000000000000000e+03
6.850000000000000000e+03
7.132000000000000000e+03
7.539000000000000000e+03
6.516000000000000000e+03
6.688000000000000000e+03
6.308000000000000000e+03
5.977000000000000000e+03
7.162000000000000000e+03
6.971000000000000000e+03
6.356000000000000000e+03
6.036000000000000000e+03
7.000000000000000000e+03
7.571000000000000000e+03
6.896000000000000000e+03
6.917000000000000000e+03
7.708000000000000000e+03
8.161000000000000000e+03
6.936000000000000000e+03
7.184000000000000000e+03
6.655000000000000000e+03
6.896000000000000000e+03
6.783000000000000000e+03
7.633000000000000000e+03
7.149000000000000000e+03
6.191000000000000000e+03
8.469000000000000000e+03
6.313000000000000000e+03
6.932000000000000000e+03
6.700000000000000000e+03
7.645000000000000000e+03
6.864000000000000000e+03
6.996000000000000000e+03
6.939000000000000000e+03
6.356000000000000000e+03
7.318000000000000000e+03
7.188000000000000000e+03
7.350000000000000000e+03
7.436000000000000000e+03
6.822000000000000000e+03
6.733000000000000000e+03
7.392000000000000000e+03
6.924000000000000000e+03
6.791000000000000000e+03
6.901000000000000000e+03
6.404000000000000000e+03
6.300000000000000000e+03
6.254000000000000000e+03
7.650000000000000000e+03
7.241000000000000000e+03
7.950000000000000000e+03
6.645000000000000000e+03
7.435000000000000000e+03
6.703000000000000000e+03
6.941000000000000000e+03
6.713000000000000000e+03
7.017000000000000000e+03
6.906000000000000000e+03
7.045000000000000000e+03
7.310000000000000000e+03
6.786000000000000000e+03
6.900000000000000000e+03
6.823000000000000000e+03
7.192000000000000000e+03
6.256000000000000000e+03
6.207000000000000000e+03
7.503000000000000000e+03
6.673000000000000000e+03
7.598000000000000000e+03
7.615000000000000000e+03
6.792000000000000000e+03
7.478000000000000000e+03
6.787000000000000000e+03
6.831000000000000000e+03
7.630000000000000000e+03
6.977000000000000000e+03
6.294000000000000000e+03
7.011000000000000000e+03
8.192000000000000000e+03
6.709000000000000000e+03
6.834000000000000000e+03
6.542000000000000000e+03
7.066000000000000000e+03
6.739000000000000000e+03
6.570000000000000000e+03
7.346000000000000000e+03
6.552000000000000000e+03
6.237000000000000000e+03
7.239000000000000000e+03
6.872000000000000000e+03
8.129000000000000000e+03
6.561000000000000000e+03
7.300000000000000000e+03
6.435000000000000000e+03
6.599000000000000000e+03
6.108000000000000000e+03
6.649000000000000000e+03
6.950000000000000000e+03
7.139000000000000000e+03
7.676000000000000000e+03
7.026000000000000000e+03
6.812000000000000000e+03
6.982000000000000000e+03
7.245000000000000000e+03
7.496000000000000000e+03
6.934000000000000000e+03
6.954000000000000000e+03
7.645000000000000000e+03
6.964000000000000000e+03
7.357000000000000000e+03
6.941000000000000000e+03
7.444000000000000000e+03
6.220000000000000000e+03
6.968000000000000000e+03
6.541000000000000000e+03
6.645000000000000000e+03
7.210000000000000000e+03
6.733000000000000000e+03
6.898000000000000000e+03
7.368000000000000000e+03
7.572000000000000000e+03
8.025000000000000000e+03
6.905000000000000000e+03
7.184000000000000000e+03
7.332000000000000000e+03
8.221000000000000000e+03
7.494000000000000000e+03
7.213000000000000000e+03
7.416000000000000000e+03
6.828000000000000000e+03
7.324000000000000000e+03
6.822000000000000000e+03
7.293000000000000000e+03
6.131000000000000000e+03
7.029000000000000000e+03
7.350000000000000000e+03
6.778000000000000000e+03
7.526000000000000000e+03
6.770000000000000000e+03
7.040000000000000000e+03
7.282000000000000000e+03
7.137000000000000000e+03
6.807000000000000000e+03
7.151000000000000000e+03
6.637000000000000000e+03
7.653000000000000000e+03
6.479000000000000000e+03
6.925000000000000000e+03
6.545000000000000000e+03
6.496000000000000000e+03
6.755000000000000000e+03
6.782000000000000000e+03
7.423000000000000000e+03
7.678000000000000000e+03
6.838000000000000000e+03
8.029000000000000000e+03
7.363000000000000000e+03
6.430000000000000000e+03
6.757000000000000000e+03
7.475000000000000000e+03
6.975000000000000000e+03
6.788000000000000000e+03
6.858000000000000000e+03
7.430000000000000000e+03
7.048000000000000000e+03
7.275000000000000000e+03
6.754000000000000000e+03
6.686000000000000000e+03
6.656000000000000000e+03
7.648000000000000000e+03
7.400000000000000000e+03
6.533000000000000000e+03
6.961000000000000000e+03
6.721000000000000000e+03
6.688000000000000000e+03
7.377000000000000000e+03
6.749000000000000000e+03
6.906000000000000000e+03
6.989000000000000000e+03
7.044000000000000000e+03
6.528000000000000000e+03
8.007000000000000000e+03
6.745000000000000000e+03
7.633000000000000000e+03
7.283000000000000000e+03
6.213000000000000000e+03
6.856000000000000000e+03
6.992000000000000000e+03
6.913000000000000000e+03
6.802000000000000000e+03
7.273000000000000000e+03
7.464000000000000000e+03
6.933000000000000000e+03
7.190000000000000000e+03
6.786000000000000000e+03
6.444000000000000000e+03
8.004000000000000000e+03
7.525000000000000000e+03
6.588000000000000000e+03
7.082000000000000000e+03
7.155000000000000000e+03
7.096000000000000000e+03
6.741000000000000000e+03
6.609000000000000000e+03
6.847000000000000000e+03
7.063000000000000000e+03
7.485000000000000000e+03
6.404000000000000000e+03
7.822000000000000000e+03
6.480000000000000000e+03
6.512000000000000000e+03
7.560000000000000000e+03
7.880000000000000000e+03
7.642000000000000000e+03
6.377000000000000000e+03
7.300000000000000000e+03
6.511000000000000000e+03
7.208000000000000000e+03
7.870000000000000000e+03
7.954000000000000000e+03
7.371000000000000000e+03
6.279000000000000000e+03
7.193000000000000000e+03
6.935000000000000000e+03
7.663000000000000000e+03
6.913000000000000000e+03
6.950000000000000000e+03
7.217000000000000000e+03
6.905000000000000000e+03
7.532000000000000000e+03
6.468000000000000000e+03
6.255000000000000000e+03
7.006000000000000000e+03
7.260000000000000000e+03
6.874000000000000000e+03
7.814000000000000000e+03
7.141000000000000000e+03
7.011000000000000000e+03
7.222000000000000000e+03
6.961000000000000000e+03
6.864000000000000000e+03
6.516000000000000000e+03
5.838000000000000000e+03
6.424000000000000000e+03
7.845000000000000000e+03
6.942000000000000000e+03
6.933000000000000000e+03
6.356000000000000000e+03
7.130000000000000000e+03
6.711000000000000000e+03
6.811000000000000000e+03
8.022000000000000000e+03
7.228000000000000000e+03
6.613000000000000000e+03
7.348000000000000000e+03
6.357000000000000000e+03
7.054000000000000000e+03
6.975000000000000000e+03
7.299000000000000000e+03
8.250000000000000000e+03
7.055000000000000000e+03
8.243000000000000000e+03
8.284000000000000000e+03
7.277000000000000000e+03
7.038000000000000000e+03
7.041000000000000000e+03
6.719000000000000000e+03
6.852000000000000000e+03
6.747000000000000000e+03
7.132000000000000000e+03
7.601000000000000000e+03
7.228000000000000000e+03
6.758000000000000000e+03
7.161000000000000000e+03
6.623000000000000000e+03
6.881000000000000000e+03
6.428000000000000000e+03
6.871000000000000000e+03
7.337000000000000000e+03
6.898000000000000000e+03
7.098000000000000000e+03
6.606000000000000000e+03
6.720000000000000000e+03
6.580000000000000000e+03
6.946000000000000000e+03
7.150000000000000000e+03
6.895000000000000000e+03
7.398000000000000000e+03
7.643000000000000000e+03
7.022000000000000000e+03
7.079000000000000000e+03
6.530000000000000000e+03
6.670000000000000000e+03
6.800000000000000000e+03
7.961000000000000000e+03
7.655000000000000000e+03
7.042000000000000000e+03
7.303000000000000000e+03
6.919000000000000000e+03
7.339000000000000000e+03
6.397000000000000000e+03
7.407000000000000000e+03
6.636000000000000000e+03
6.697000000000000000e+03
6.782000000000000000e+03
6.672000000000000000e+03
7.323000000000000000e+03
6.779000000000000000e+03
6.654000000000000000e+03
6.696000000000000000e+03
7.289000000000000000e+03
6.450000000000000000e+03
7.362000000000000000e+03
7.205000000000000000e+03
7.893000000000000000e+03
7.504000000000000000e+03
7.259000000000000000e+03
6.415000000000000000e+03
8.934000000000000000e+03
6.806000000000000000e+03
7.084000000000000000e+03
7.216000000000000000e+03
6.780000000000000000e+03
6.555000000000000000e+03
6.387000000000000000e+03
6.794000000000000000e+03
8.424000000000000000e+03
7.160000000000000000e+03
7.416000000000000000e+03
7.440000000000000000e+03
6.847000000000000000e+03
6.695000000000000000e+03
6.800000000000000000e+03
7.313000000000000000e+03
7.202000000000000000e+03
7.271000000000000000e+03
7.250000000000000000e+03
6.480000000000000000e+03
7.442000000000000000e+03
6.947000000000000000e+03
6.375000000000000000e+03
6.622000000000000000e+03
6.730000000000000000e+03
7.414000000000000000e+03
7.090000000000000000e+03
6.745000000000000000e+03
6.912000000000000000e+03
7.534000000000000000e+03
6.730000000000000000e+03
7.172000000000000000e+03
6.750000000000000000e+03
7.366000000000000000e+03
7.093000000000000000e+03
6.486000000000000000e+03
7.603000000000000000e+03
7.257000000000000000e+03
7.194000000000000000e+03
6.468000000000000000e+03
6.978000000000000000e+03
6.715000000000000000e+03
7.880000000000000000e+03
6.549000000000000000e+03
7.573000000000000000e+03
6.983000000000000000e+03
6.231000000000000000e+03
7.616000000000000000e+03
7.498000000000000000e+03
6.913000000000000000e+03
6.927000000000000000e+03
6.230000000000000000e+03
6.968000000000000000e+03
7.544000000000000000e+03
6.729000000000000000e+03
7.077000000000000000e+03
7.191000000000000000e+03
7.511000000000000000e+03
6.387000000000000000e+03
7.207000000000000000e+03
7.201000000000000000e+03
7.043000000000000000e+03
6.453000000000000000e+03
7.618000000000000000e+03
7.418000000000000000e+03
6.574000000000000000e+03
6.916000000000000000e+03
6.631000000000000000e+03
6.887000000000000000e+03
6.660000000000000000e+03
6.726000000000000000e+03
7.211000000000000000e+03
6.746000000000000000e+03
6.659000000000000000e+03
6.434000000000000000e+03
7.045000000000000000e+03
7.053000000000000000e+03
6.550000000000000000e+03
7.140000000000000000e+03
6.676000000000000000e+03
7.556000000000000000e+03
7.086000000000000000e+03
7.226000000000000000e+03
6.523000000000000000e+03
7.684000000000000000e+03
7.836000000000000000e+03
6.982000000000000000e+03
7.457000000000000000e+03
6.803000000000000000e+03
6.817000000000000000e+03
6.340000000000000000e+03
7.456000000000000000e+03
6.628000000000000000e+03
6.847000000000000000e+03
7.447000000000000000e+03
6.758000000000000000e+03
7.227000000000000000e+03
6.646000000000000000e+03
6.330000000000000000e+03
6.709000000000000000e+03
6.526000000000000000e+03
6.857000000000000000e+03
7.099000000000000000e+03
8.210000000000000000e+03
7.495000000000000000e+03
7.128000000000000000e+03
8.367000000000000000e+03
7.465000000000000000e+03
6.996000000000000000e+03
7.249000000000000000e+03
6.985000000000000000e+03
7.683000000000000000e+03
6.816000000000000000e+03
6.980000000000000000e+03
6.160000000000000000e+03
6.808000000000000000e+03
7.567000000000000000e+03
7.533000000000000000e+03
6.441000000000000000e+03
7.226000000000000000e+03
6.851000000000000000e+03
7.518000000000000000e+03
6.565000000000000000e+03
7.108000000000000000e+03
7.990000000000000000e+03
7.040000000000000000e+03
6.977000000000000000e+03
7.345000000000000000e+03
7.394000000000000000e+03
6.619000000000000000e+03
6.849000000000000000e+03
8.036000000000000000e+03
8.070000000000000000e+03
6.364000000000000000e+03
7.134000000000000000e+03
6.966000000000000000e+03
7.389000000000000000e+03
7.260000000000000000e+03
7.272000000000000000e+03
8.852000000000000000e+03
6.868000000000000000e+03
6.868000000000000000e+03
7.051000000000000000e+03
6.634000000000000000e+03
7.563000000000000000e+03
7.194000000000000000e+03
6.861000000000000000e+03
7.426000000000000000e+03
6.615000000000000000e+03
7.120000000000000000e+03
6.737000000000000000e+03
6.876000000000000000e+03
8.858000000000000000e+03
6.077000000000000000e+03
6.792000000000000000e+03
7.295000000000000000e+03
6.700000000000000000e+03
7.169000000000000000e+03
6.752000000000000000e+03
7.382000000000000000e+03
6.909000000000000000e+03
7.932000000000000000e+03
6.556000000000000000e+03
7.028000000000000000e+03
6.763000000000000000e+03
7.231000000000000000e+03
7.189000000000000000e+03
6.749000000000000000e+03
7.917000000000000000e+03
6.547000000000000000e+03
6.385000000000000000e+03
6.998000000000000000e+03
6.848000000000000000e+03
6.302000000000000000e+03
7.590000000000000000e+03
8.429000000000000000e+03
6.357000000000000000e+03
7.687000000000000000e+03
7.664000000000000000e+03
6.766000000000000000e+03
6.540000000000000000e+03
6.538000000000000000e+03
6.493000000000000000e+03
7.371000000000000000e+03
7.412000000000000000e+03
6.530000000000000000e+03
7.039000000000000000e+03
7.703000000000000000e+03
7.197000000000000000e+03
6.897000000000000000e+03
6.762000000000000000e+03
6.860000000000000000e+03
6.860000000000000000e+03
6.690000000000000000e+03
6.713000000000000000e+03
7.187000000000000000e+03
7.239000000000000000e+03
7.672000000000000000e+03
6.152000000000000000e+03
7.136000000000000000e+03
8.589000000000000000e+03
8.268000000000000000e+03
7.055000000000000000e+03
7.792000000000000000e+03
7.111000000000000000e+03
8.124000000000000000e+03
6.355000000000000000e+03
6.444000000000000000e+03
7.926000000000000000e+03
7.328000000000000000e+03
7.343000000000000000e+03
6.922000000000000000e+03
7.451000000000000000e+03
7.510000000000000000e+03
6.335000000000000000e+03
6.781000000000000000e+03
6.627000000000000000e+03
6.256000000000000000e+03
7.564000000000000000e+03
7.053000000000000000e+03
6.248000000000000000e+03
6.183000000000000000e+03
7.954000000000000000e+03
7.484000000000000000e+03
7.869000000000000000e+03
7.497000000000000000e+03
6.913000000000000000e+03
6.937000000000000000e+03
6.964000000000000000e+03
6.436000000000000000e+03
6.893000000000000000e+03
7.422000000000000000e+03
7.145000000000000000e+03
7.593000000000000000e+03
7.372000000000000000e+03
6.608000000000000000e+03
6.788000000000000000e+03
7.154000000000000000e+03
7.443000000000000000e+03
6.404000000000000000e+03
8.062000000000000000e+03
6.953000000000000000e+03
6.499000000000000000e+03
8.560000000000000000e+03
8.970000000000000000e+03
7.748000000000000000e+03
6.748000000000000000e+03
6.760000000000000000e+03
6.894000000000000000e+03
6.858000000000000000e+03
6.918000000000000000e+03
6.229000000000000000e+03
6.529000000000000000e+03
7.542000000000000000e+03
7.080000000000000000e+03
6.825000000000000000e+03
7.477000000000000000e+03
6.376000000000000000e+03
7.626000000000000000e+03
7.213000000000000000e+03
6.800000000000000000e+03
7.279000000000000000e+03
7.028000000000000000e+03
7.318000000000000000e+03
7.645000000000000000e+03
7.974000000000000000e+03
7.149000000000000000e+03
7.436000000000000000e+03
7.197000000000000000e+03
6.290000000000000000e+03
7.131000000000000000e+03
7.498000000000000000e+03
6.608000000000000000e+03
7.422000000000000000e+03
6.487000000000000000e+03
7.200000000000000000e+03
6.967000000000000000e+03
7.556000000000000000e+03
7.270000000000000000e+03
6.969000000000000000e+03
7.646000000000000000e+03
7.180000000000000000e+03
6.771000000000000000e+03
7.215000000000000000e+03
7.366000000000000000e+03
7.503000000000000000e+03
7.201000000000000000e+03
7.603000000000000000e+03
7.024000000000000000e+03
7.669000000000000000e+03
6.866000000000000000e+03
6.958000000000000000e+03
8.174000000000000000e+03
7.009000000000000000e+03
7.276000000000000000e+03
8.094000000000000000e+03
7.049000000000000000e+03
6.651000000000000000e+03
7.291000000000000000e+03
7.703000000000000000e+03
7.600000000000000000e+03
7.792000000000000000e+03
7.268000000000000000e+03
7.269000000000000000e+03
6.848000000000000000e+03
7.168000000000000000e+03
6.849000000000000000e+03
8.495000000000000000e+03
6.761000000000000000e+03
7.136000000000000000e+03
6.953000000000000000e+03
6.847000000000000000e+03
6.565000000000000000e+03
7.141000000000000000e+03
7.043000000000000000e+03
6.731000000000000000e+03
8.703000000000000000e+03
6.844000000000000000e+03
7.826000000000000000e+03
6.923000000000000000e+03
6.758000000000000000e+03
6.295000000000000000e+03
6.495000000000000000e+03
6.965000000000000000e+03
7.290000000000000000e+03
7.330000000000000000e+03
6.663000000000000000e+03
6.906000000000000000e+03
7.054000000000000000e+03
7.106000000000000000e+03
6.821000000000000000e+03
8.309000000000000000e+03
7.754000000000000000e+03
7.162000000000000000e+03
7.001000000000000000e+03
6.732000000000000000e+03
7.851000000000000000e+03
5.788000000000000000e+03
6.947000000000000000e+03
6.488000000000000000e+03
7.343000000000000000e+03
7.270000000000000000e+03
8.243000000000000000e+03
6.867000000000000000e+03
7.711000000000000000e+03
7.335000000000000000e+03
7.789000000000000000e+03
6.381000000000000000e+03
7.484000000000000000e+03
6.415000000000000000e+03
6.345000000000000000e+03
7.750000000000000000e+03
7.492000000000000000e+03
8.101000000000000000e+03
7.934000000000000000e+03
6.920000000000000000e+03
6.651000000000000000e+03
7.857000000000000000e+03
7.454000000000000000e+03
6.208000000000000000e+03
6.464000000000000000e+03
6.732000000000000000e+03
7.257000000000000000e+03
6.390000000000000000e+03
7.302000000000000000e+03
7.257000000000000000e+03
6.541000000000000000e+03
6.675000000000000000e+03
7.353000000000000000e+03
7.098000000000000000e+03
7.182000000000000000e+03
8.260000000000000000e+03
6.872000000000000000e+03
6.567000000000000000e+03
8.295000000000000000e+03
7.422000000000000000e+03
6.030000000000000000e+03
7.400000000000000000e+03
6.508000000000000000e+03
6.291000000000000000e+03
7.263000000000000000e+03
6.466000000000000000e+03
6.920000000000000000e+03
6.694000000000000000e+03
7.026000000000000000e+03
7.975000000000000000e+03
6.683000000000000000e+03
8.292000000000000000e+03
7.343000000000000000e+03
7.569000000000000000e+03
7.046000000000000000e+03
7.622000000000000000e+03
6.905000000000000000e+03
6.501000000000000000e+03
6.651000000000000000e+03
7.244000000000000000e+03
7.697000000000000000e+03
6.932000000000000000e+03
7.001000000000000000e+03
7.059000000000000000e+03
6.965000000000000000e+03
7.170000000000000000e+03
6.400000000000000000e+03
7.246000000000000000e+03
6.331000000000000000e+03
6.909000000000000000e+03
7.702000000000000000e+03
7.449000000000000000e+03
6.906000000000000000e+03
6.301000000000000000e+03
7.276000000000000000e+03
7.331000000000000000e+03
7.292000000000000000e+03
6.308000000000000000e+03
6.432000000000000000e+03
6.666000000000000000e+03
7.393000000000000000e+03
7.693000000000000000e+03
6.335000000000000000e+03
7.093000000000000000e+03
6.885000000000000000e+03
7.229000000000000000e+03
7.141000000000000000e+03
7.573000000000000000e+03
7.091000000000000000e+03
6.604000000000000000e+03
7.883000000000000000e+03
7.300000000000000000e+03
8.213000000000000000e+03
7.577000000000000000e+03
7.994000000000000000e+03
6.906000000000000000e+03
7.207000000000000000e+03
6.914000000000000000e+03
7.988000000000000000e+03
7.238000000000000000e+03
7.919000000000000000e+03
7.373000000000000000e+03
7.746000000000000000e+03
7.744000000000000000e+03
6.707000000000000000e+03
6.703000000000000000e+03
6.645000000000000000e+03
7.164000000000000000e+03
6.582000000000000000e+03
6.808000000000000000e+03
6.854000000000000000e+03
6.940000000000000000e+03
6.752000000000000000e+03
7.215000000000000000e+03
6.185000000000000000e+03
7.262000000000000000e+03
7.299000000000000000e+03
7.196000000000000000e+03
8.028000000000000000e+03
6.834000000000000000e+03
7.475000000000000000e+03
7.518000000000000000e+03
6.789000000000000000e+03
7.830000000000000000e+03
7.660000000000000000e+03
7.101000000000000000e+03
7.200000000000000000e+03
7.445000000000000000e+03
7.223000000000000000e+03
7.236000000000000000e+03
6.907000000000000000e+03
6.758000000000000000e+03
7.463000000000000000e+03
6.204000000000000000e+03
6.032000000000000000e+03
6.368000000000000000e+03
7.051000000000000000e+03
6.328000000000000000e+03
7.307000000000000000e+03
8.028000000000000000e+03
6.748000000000000000e+03
7.216000000000000000e+03
7.178000000000000000e+03
7.705000000000000000e+03
8.373000000000000000e+03
7.335000000000000000e+03
7.683000000000000000e+03
7.528000000000000000e+03
6.616000000000000000e+03
6.963000000000000000e+03
7.416000000000000000e+03
5.907000000000000000e+03
6.851000000000000000e+03
6.657000000000000000e+03
7.157000000000000000e+03
7.508000000000000000e+03
7.340000000000000000e+03
7.070000000000000000e+03
7.018000000000000000e+03
6.848000000000000000e+03
6.840000000000000000e+03
6.662000000000000000e+03
6.458000000000000000e+03
7.265000000000000000e+03
6.961000000000000000e+03
7.473000000000000000e+03
7.437000000000000000e+03
6.899000000000000000e+03
7.693000000000000000e+03
6.857000000000000000e+03
7.816000000000000000e+03
6.839000000000000000e+03
7.154000000000000000e+03
7.355000000000000000e+03
6.925000000000000000e+03
7.602000000000000000e+03
6.993000000000000000e+03
8.564000000000000000e+03
7.425000000000000000e+03
7.388000000000000000e+03
6.761000000000000000e+03
6.736000000000000000e+03
6.903000000000000000e+03
6.354000000000000000e+03
7.269000000000000000e+03
6.222000000000000000e+03
7.188000000000000000e+03
6.901000000000000000e+03
6.816000000000000000e+03
8.354000000000000000e+03
7.335000000000000000e+03
7.508000000000000000e+03
7.628000000000000000e+03
6.225000000000000000e+03
6.820000000000000000e+03
6.553000000000000000e+03
7.827000000000000000e+03
6.572000000000000000e+03
8.441000000000000000e+03
6.740000000000000000e+03
6.450000000000000000e+03
6.589000000000000000e+03
6.705000000000000000e+03
7.286000000000000000e+03
7.888000000000000000e+03
7.120000000000000000e+03
6.870000000000000000e+03
6.511000000000000000e+03
7.081000000000000000e+03
7.893000000000000000e+03
6.909000000000000000e+03
7.415000000000000000e+03
7.394000000000000000e+03
7.280000000000000000e+03
6.934000000000000000e+03
7.430000000000000000e+03
7.104000000000000000e+03
7.117000000000000000e+03
7.430000000000000000e+03
6.716000000000000000e+03
7.228000000000000000e+03
8.335000000000000000e+03
6.322000000000000000e+03
7.193000000000000000e+03
7.392000000000000000e+03
6.842000000000000000e+03
7.526000000000000000e+03
7.179000000000000000e+03
7.505000000000000000e+03
7.828000000000000000e+03
5.996000000000000000e+03
6.863000000000000000e+03
7.284000000000000000e+03
6.235000000000000000e+03
7.725000000000000000e+03
7.504000000000000000e+03
6.539000000000000000e+03
7.400000000000000000e+03
7.350000000000000000e+03
8.148000000000000000e+03
6.905000000000000000e+03
6.938000000000000000e+03
6.572000000000000000e+03
8.108000000000000000e+03
7.606000000000000000e+03
7.602000000000000000e+03
6.622000000000000000e+03
7.917000000000000000e+03
6.858000000000000000e+03
7.137000000000000000e+03
6.380000000000000000e+03
8.616000000000000000e+03
6.882000000000000000e+03
6.882000000000000000e+03
6.720000000000000000e+03
7.554000000000000000e+03
7.052000000000000000e+03
7.902000000000000000e+03
6.196000000000000000e+03
7.258000000000000000e+03
7.467000000000000000e+03
7.173000000000000000e+03
6.954000000000000000e+03
6.865000000000000000e+03
6.417000000000000000e+03
7.191000000000000000e+03
6.390000000000000000e+03
8.446000000000000000e+03
6.827000000000000000e+03
7.151000000000000000e+03
7.354000000000000000e+03
7.358000000000000000e+03
7.406000000000000000e+03
6.484000000000000000e+03
8.502000000000000000e+03
7.108000000000000000e+03
6.525000000000000000e+03
6.564000000000000000e+03
6.831000000000000000e+03
6.584000000000000000e+03
7.121000000000000000e+03
6.487000000000000000e+03
7.594000000000000000e+03
8.050000000000000000e+03
7.050000000000000000e+03
7.172000000000000000e+03
6.863000000000000000e+03
8.686000000000000000e+03
7.230000000000000000e+03
7.182000000000000000e+03
7.203000000000000000e+03
7.566000000000000000e+03
6.747000000000000000e+03
7.503000000000000000e+03
6.590000000000000000e+03
7.171000000000000000e+03
7.363000000000000000e+03
7.153000000000000000e+03
7.061000000000000000e+03
7.855000000000000000e+03
6.959000000000000000e+03
7.107000000000000000e+03
6.513000000000000000e+03
6.912000000000000000e+03
6.804000000000000000e+03
7.235000000000000000e+03
7.413000000000000000e+03
6.927000000000000000e+03
6.835000000000000000e+03
6.429000000000000000e+03
7.641000000000000000e+03
7.049000000000000000e+03
7.885000000000000000e+03
6.546000000000000000e+03
7.090000000000000000e+03
7.539000000000000000e+03
8.022000000000000000e+03
7.253000000000000000e+03
7.059000000000000000e+03
6.941000000000000000e+03
7.830000000000000000e+03
6.683000000000000000e+03
6.466000000000000000e+03
7.849000000000000000e+03
5.547000000000000000e+03
7.409000000000000000e+03
7.716000000000000000e+03
6.154000000000000000e+03
7.455000000000000000e+03
7.798000000000000000e+03
6.814000000000000000e+03
6.582000000000000000e+03
7.450000000000000000e+03
7.278000000000000000e+03
7.475000000000000000e+03
7.126000000000000000e+03
7.132000000000000000e+03
6.349000000000000000e+03
6.006000000000000000e+03
7.864000000000000000e+03
7.878000000000000000e+03
6.942000000000000000e+03
7.639000000000000000e+03
6.806000000000000000e+03
7.433000000000000000e+03
7.214000000000000000e+03
6.324000000000000000e+03
7.233000000000000000e+03
7.886000000000000000e+03
8.245000000000000000e+03
7.007000000000000000e+03
7.283000000000000000e+03
7.499000000000000000e+03
6.001000000000000000e+03
7.273000000000000000e+03
7.739000000000000000e+03
6.583000000000000000e+03
6.555000000000000000e+03
7.792000000000000000e+03
6.584000000000000000e+03
8.289000000000000000e+03
6.717000000000000000e+03
7.141000000000000000e+03
7.540000000000000000e+03
6.838000000000000000e+03
7.260000000000000000e+03
7.047000000000000000e+03
8.343000000000000000e+03
7.041000000000000000e+03
7.330000000000000000e+03
8.213000000000000000e+03
6.814000000000000000e+03
6.549000000000000000e+03
7.491000000000000000e+03
7.427000000000000000e+03
7.287000000000000000e+03
7.631000000000000000e+03
7.932000000000000000e+03
7.994000000000000000e+03
6.554000000000000000e+03
6.714000000000000000e+03
7.245000000000000000e+03
7.382000000000000000e+03
6.755000000000000000e+03
7.387000000000000000e+03
6.749000000000000000e+03
6.648000000000000000e+03
7.271000000000000000e+03
8.268000000000000000e+03
7.579000000000000000e+03
7.255000000000000000e+03
6.816000000000000000e+03
7.245000000000000000e+03
6.835000000000000000e+03
6.980000000000000000e+03
6.224000000000000000e+03
7.089000000000000000e+03
7.028000000000000000e+03
6.994000000000000000e+03
6.716000000000000000e+03
7.882000000000000000e+03
7.969000000000000000e+03
6.611000000000000000e+03
6.125000000000000000e+03
6.451000000000000000e+03
7.377000000000000000e+03
7.213000000000000000e+03
6.115000000000000000e+03
6.547000000000000000e+03
7.532000000000000000e+03
6.777000000000000000e+03
7.219000000000000000e+03
7.852000000000000000e+03
6.511000000000000000e+03
6.459000000000000000e+03
6.851000000000000000e+03
7.084000000000000000e+03
7.712000000000000000e+03
7.187000000000000000e+03
6.968000000000000000e+03
7.280000000000000000e+03
6.700000000000000000e+03
7.309000000000000000e+03
7.209000000000000000e+03
7.492000000000000000e+03
7.186000000000000000e+03
7.357000000000000000e+03
7.347000000000000000e+03
7.280000000000000000e+03
6.775000000000000000e+03
8.814000000000000000e+03
6.661000000000000000e+03
8.166000000000000000e+03
6.683000000000000000e+03
6.945000000000000000e+03
6.962000000000000000e+03
7.765000000000000000e+03
6.497000000000000000e+03
6.748000000000000000e+03
6.388000000000000000e+03
6.554000000000000000e+03
6.689000000000000000e+03
7.931000000000000000e+03
7.440000000000000000e+03
7.150000000000000000e+03
7.037000000000000000e+03
8.475000000000000000e+03
6.921000000000000000e+03
6.399000000000000000e+03
7.580000000000000000e+03
7.356000000000000000e+03
7.400000000000000000e+03
7.243000000000000000e+03
7.097000000000000000e+03
6.225000000000000000e+03
7.499000000000000000e+03
7.382000000000000000e+03
7.393000000000000000e+03
6.781000000000000000e+03
7.454000000000000000e+03
6.890000000000000000e+03
6.220000000000000000e+03
6.659000000000000000e+03
6.137000000000000000e+03
6.255000000000000000e+03
6.512000000000000000e+03
6.902000000000000000e+03
6.964000000000000000e+03
7.734000000000000000e+03
7.035000000000000000e+03
6.752000000000000000e+03
6.978000000000000000e+03
7.226000000000000000e+03
7.725000000000000000e+03
7.565000000000000000e+03
7.383000000000000000e+03
7.401000000000000000e+03
6.563000000000000000e+03
7.163000000000000000e+03
6.955000000000000000e+03
8.999000000000000000e+03
6.654000000000000000e+03
8.777000000000000000e+03
7.288000000000000000e+03
7.211000000000000000e+03
7.488000000000000000e+03
7.141000000000000000e+03
6.566000000000000000e+03
7.096000000000000000e+03
6.893000000000000000e+03
7.417000000000000000e+03
6.373000000000000000e+03
7.246000000000000000e+03
7.523000000000000000e+03
7.024000000000000000e+03
7.194000000000000000e+03
8.098000000000000000e+03
7.401000000000000000e+03
6.393000000000000000e+03
6.046000000000000000e+03
7.323000000000000000e+03
6.133000000000000000e+03
7.319000000000000000e+03
6.387000000000000000e+03
6.996000000000000000e+03
6.849000000000000000e+03
7.265000000000000000e+03
6.962000000000000000e+03
7.352000000000000000e+03
6.277000000000000000e+03
6.895000000000000000e+03
6.401000000000000000e+03
6.455000000000000000e+03
7.347000000000000000e+03
7.686000000000000000e+03
7.206000000000000000e+03
7.238000000000000000e+03
6.088000000000000000e+03
6.933000000000000000e+03
7.096000000000000000e+03
7.797000000000000000e+03
6.034000000000000000e+03
7.798000000000000000e+03
7.337000000000000000e+03
6.778000000000000000e+03
6.555000000000000000e+03
7.421000000000000000e+03
7.876000000000000000e+03
7.153000000000000000e+03
6.776000000000000000e+03
6.522000000000000000e+03
7.258000000000000000e+03
6.635000000000000000e+03
6.400000000000000000e+03
6.723000000000000000e+03
7.339000000000000000e+03
6.992000000000000000e+03
6.493000000000000000e+03
6.162000000000000000e+03
7.587000000000000000e+03
7.569000000000000000e+03
6.275000000000000000e+03
7.103000000000000000e+03
7.766000000000000000e+03
6.639000000000000000e+03
7.242000000000000000e+03
6.566000000000000000e+03
6.308000000000000000e+03
6.749000000000000000e+03
6.864000000000000000e+03
6.441000000000000000e+03
7.504000000000000000e+03
7.179000000000000000e+03
7.130000000000000000e+03
6.930000000000000000e+03
6.421000000000000000e+03
7.638000000000000000e+03
6.927000000000000000e+03
6.639000000000000000e+03
6.480000000000000000e+03
7.055000000000000000e+03
6.279000000000000000e+03
6.486000000000000000e+03
7.928000000000000000e+03
7.033000000000000000e+03
6.670000000000000000e+03
7.010000000000000000e+03
7.101000000000000000e+03
7.292000000000000000e+03
7.601000000000000000e+03
6.798000000000000000e+03
6.373000000000000000e+03
6.641000000000000000e+03
6.870000000000000000e+03
7.141000000000000000e+03
6.748000000000000000e+03
6.728000000000000000e+03
7.082000000000000000e+03
7.173000000000000000e+03
7.237000000000000000e+03
6.497000000000000000e+03
6.901000000000000000e+03
6.449000000000000000e+03
6.291000000000000000e+03
7.112000000000000000e+03
6.956000000000000000e+03
6.891000000000000000e+03
6.284000000000000000e+03
6.188000000000000000e+03
7.542000000000000000e+03
7.116000000000000000e+03
6.854000000000000000e+03
7.767000000000000000e+03
7.438000000000000000e+03
6.643000000000000000e+03
6.474000000000000000e+03
7.771000000000000000e+03
7.268000000000000000e+03
6.952000000000000000e+03
7.010000000000000000e+03
6.762000000000000000e+03
6.224000000000000000e+03
7.608000000000000000e+03
6.817000000000000000e+03
7.076000000000000000e+03
7.403000000000000000e+03
6.298000000000000000e+03
6.754000000000000000e+03
6.646000000000000000e+03
7.041000000000000000e+03
6.626000000000000000e+03
7.669000000000000000e+03
7.591000000000000000e+03
6.355000000000000000e+03
7.424000000000000000e+03
7.150000000000000000e+03
6.918000000000000000e+03
7.839000000000000000e+03
6.967000000000000000e+03
7.623000000000000000e+03
7.817000000000000000e+03
8.412000000000000000e+03
7.998000000000000000e+03
6.795000000000000000e+03
7.416000000000000000e+03
6.812000000000000000e+03
6.619000000000000000e+03
7.134000000000000000e+03
7.498000000000000000e+03
7.034000000000000000e+03
7.518000000000000000e+03
6.605000000000000000e+03
6.977000000000000000e+03
6.993000000000000000e+03
6.582000000000000000e+03
6.767000000000000000e+03
6.986000000000000000e+03
7.532000000000000000e+03
7.834000000000000000e+03
8.288000000000000000e+03
6.797000000000000000e+03
7.199000000000000000e+03
7.641000000000000000e+03
7.136000000000000000e+03
7.592000000000000000e+03
6.721000000000000000e+03
6.934000000000000000e+03
6.564000000000000000e+03
7.327000000000000000e+03
7.379000000000000000e+03
7.670000000000000000e+03
6.799000000000000000e+03
6.509000000000000000e+03
6.549000000000000000e+03
7.527000000000000000e+03
6.671000000000000000e+03
7.331000000000000000e+03
6.788000000000000000e+03
6.526000000000000000e+03
5.798000000000000000e+03
6.571000000000000000e+03
6.862000000000000000e+03
7.259000000000000000e+03
7.568000000000000000e+03
7.037000000000000000e+03
7.212000000000000000e+03
7.295000000000000000e+03
6.751000000000000000e+03
7.300000000000000000e+03
6.833000000000000000e+03
6.437000000000000000e+03
7.039000000000000000e+03
6.553000000000000000e+03
7.035000000000000000e+03
7.453000000000000000e+03
7.504000000000000000e+03
7.296000000000000000e+03
7.308000000000000000e+03
6.812000000000000000e+03
6.191000000000000000e+03
6.184000000000000000e+03
7.531000000000000000e+03
6.350000000000000000e+03
6.894000000000000000e+03
7.675000000000000000e+03
6.778000000000000000e+03
7.653000000000000000e+03
6.299000000000000000e+03
7.057000000000000000e+03
7.150000000000000000e+03
7.474000000000000000e+03
7.482000000000000000e+03
7.539000000000000000e+03
7.549000000000000000e+03
7.788000000000000000e+03
7.075000000000000000e+03
6.805000000000000000e+03
6.900000000000000000e+03
7.079000000000000000e+03
6.622000000000000000e+03
6.767000000000000000e+03
7.723000000000000000e+03
7.318000000000000000e+03
7.480000000000000000e+03
6.976000000000000000e+03
6.324000000000000000e+03
7.034000000000000000e+03
6.365000000000000000e+03
7.562000000000000000e+03
7.316000000000000000e+03
6.843000000000000000e+03
7.297000000000000000e+03
7.375000000000000000e+03
6.179000000000000000e+03
7.608000000000000000e+03
6.594000000000000000e+03
7.377000000000000000e+03
6.754000000000000000e+03
6.487000000000000000e+03
7.806000000000000000e+03
7.746000000000000000e+03
6.349000000000000000e+03
6.545000000000000000e+03
7.552000000000000000e+03
6.645000000000000000e+03
6.890000000000000000e+03
6.688000000000000000e+03
7.128000000000000000e+03
6.320000000000000000e+03
6.631000000000000000e+03
7.155000000000000000e+03
6.876000000000000000e+03
6.827000000000000000e+03
7.223000000000000000e+03
6.593000000000000000e+03
6.494000000000000000e+03
7.562000000000000000e+03
6.544000000000000000e+03
7.555000000000000000e+03
6.427000000000000000e+03
7.621000000000000000e+03
8.200000000000000000e+03
7.652000000000000000e+03
7.282000000000000000e+03
6.590000000000000000e+03
7.464000000000000000e+03
7.077000000000000000e+03
6.521000000000000000e+03
7.211000000000000000e+03
7.022000000000000000e+03
8.368000000000000000e+03
7.229000000000000000e+03
7.453000000000000000e+03
7.381000000000000000e+03
7.239000000000000000e+03
7.345000000000000000e+03
6.981000000000000000e+03
7.135000000000000000e+03
7.054000000000000000e+03
7.403000000000000000e+03
7.011000000000000000e+03
7.514000000000000000e+03
6.643000000000000000e+03
6.988000000000000000e+03
7.007000000000000000e+03
7.059000000000000000e+03
6.485000000000000000e+03
7.463000000000000000e+03
7.848000000000000000e+03
6.671000000000000000e+03
6.986000000000000000e+03
6.312000000000000000e+03
6.690000000000000000e+03
7.231000000000000000e+03
6.925000000000000000e+03
7.383000000000000000e+03
6.483000000000000000e+03
7.375000000000000000e+03
6.739000000000000000e+03
7.361000000000000000e+03
7.770000000000000000e+03
7.178000000000000000e+03
6.666000000000000000e+03
6.509000000000000000e+03
7.393000000000000000e+03
6.629000000000000000e+03
7.605000000000000000e+03
7.595000000000000000e+03
7.311000000000000000e+03
6.588000000000000000e+03
6.472000000000000000e+03
6.690000000000000000e+03
6.732000000000000000e+03
5.967000000000000000e+03
7.045000000000000000e+03
6.587000000000000000e+03
7.406000000000000000e+03
6.302000000000000000e+03
8.183000000000000000e+03
7.123000000000000000e+03
7.398000000000000000e+03
7.308000000000000000e+03
6.773000000000000000e+03
7.465000000000000000e+03
6.406000000000000000e+03
7.091000000000000000e+03
6.757000000000000000e+03
7.393000000000000000e+03
6.450000000000000000e+03
7.159000000000000000e+03
7.082000000000000000e+03
7.666000000000000000e+03
6.841000000000000000e+03
6.977000000000000000e+03
7.011000000000000000e+03
7.482000000000000000e+03
7.507000000000000000e+03
7.171000000000000000e+03
7.539000000000000000e+03
7.482000000000000000e+03
