8.138000000000000000e+03
8.420000000000000000e+03
7.460000000000000000e+03
7.556000000000000000e+03
7.566000000000000000e+03
7.161000000000000000e+03
7.907000000000000000e+03
7.584000000000000000e+03
7.366000000000000000e+03
7.526000000000000000e+03
7.148000000000000000e+03
6.689000000000000000e+03
6.745000000000000000e+03
6.555000000000000000e+03
6.902000000000000000e+03
7.168000000000000000e+03
7.279000000000000000e+03
7.531000000000000000e+03
7.541000000000000000e+03
7.251000000000000000e+03
8.079000000000000000e+03
7.384000000000000000e+03
8.124000000000000000e+03
7.598000000000000000e+03
7.614000000000000000e+03
9.615000000000000000e+03
8.252000000000000000e+03
1.196400000000000000e+04
8.563000000000000000e+03
9.032000000000000000e+03
1.114200000000000000e+04
9.124000000000000000e+03
1.052300000000000000e+04
1.081900000000000000e+04
1.199900000000000000e+04
9.939000000000000000e+03
9.610000000000000000e+03
9.856000000000000000e+03
1.199900000000000000e+04
9.538000000000000000e+03
1.199900000000000000e+04
9.825000000000000000e+03
1.188500000000000000e+04
1.009100000000000000e+04
1.199900000000000000e+04
1.199900000000000000e+04
1.102700000000000000e+04
1.199900000000000000e+04
1.199900000000000000e+04
1.199900000000000000e+04
1.066300000000000000e+04
1.199900000000000000e+04
1.199900000000000000e+04
1.199900000000000000e+04
9.580000000000000000e+03
1.054000000000000000e+04
1.123700000000000000e+04
1.085000000000000000e+04
9.350000000000000000e+03
9.419000000000000000e+03
1.086100000000000000e+04
9.132000000000000000e+03
9.871000000000000000e+03
9.669000000000000000e+03
8.361000000000000000e+03
1.052000000000000000e+04
1.115700000000000000e+04
9.202000000000000000e+03
8.329000000000000000e+03
9.168000000000000000e+03
9.280000000000000000e+03
1.135000000000000000e+04
1.064900000000000000e+04
8.698000000000000000e+03
8.941000000000000000e+03
9.743000000000000000e+03
9.434000000000000000e+03
9.038000000000000000e+03
1.007700000000000000e+04
9.536000000000000000e+03
9.626000000000000000e+03
9.941000000000000000e+03
9.179000000000000000e+03
1.001400000000000000e+04
9.047000000000000000e+03
9.620000000000000000e+03
8.452000000000000000e+03
8.875000000000000000e+03
1.054600000000000000e+04
9.373000000000000000e+03
9.048000000000000000e+03
8.774000000000000000e+03
8.749000000000000000e+03
8.209000000000000000e+03
1.014600000000000000e+04
7.803000000000000000e+03
8.266000000000000000e+03
8.193000000000000000e+03
7.211000000000000000e+03
7.370000000000000000e+03
8.462000000000000000e+03
7.919000000000000000e+03
7.951000000000000000e+03
8.247000000000000000e+03
8.415000000000000000e+03
8.091000000000000000e+03
7.654000000000000000e+03
8.128000000000000000e+03
7.937000000000000000e+03
7.665000000000000000e+03
9.144000000000000000e+03
8.744000000000000000e+03
8.185000000000000000e+03
8.745000000000000000e+03
8.314000000000000000e+03
7.821000000000000000e+03
8.310000000000000000e+03
9.257000000000000000e+03
8.689000000000000000e+03
1.003200000000000000e+04
1.026300000000000000e+04
1.062700000000000000e+04
1.199900000000000000e+04
1.195700000000000000e+04
9.844000000000000000e+03
1.019000000000000000e+04
9.436000000000000000e+03
1.199900000000000000e+04
9.572000000000000000e+03
1.198300000000000000e+04
1.006700000000000000e+04
9.497000000000000000e+03
1.199900000000000000e+04
8.998000000000000000e+03
1.000600000000000000e+04
9.733000000000000000e+03
9.801000000000000000e+03
8.936000000000000000e+03
1.016500000000000000e+04
1.185800000000000000e+04
9.032000000000000000e+03
9.384000000000000000e+03
8.857000000000000000e+03
9.757000000000000000e+03
9.074000000000000000e+03
8.884000000000000000e+03
9.561000000000000000e+03
9.485000000000000000e+03
9.590000000000000000e+03
1.026300000000000000e+04
1.196100000000000000e+04
1.116300000000000000e+04
1.199900000000000000e+04
1.199900000000000000e+04
1.093900000000000000e+04
9.723000000000000000e+03
1.199900000000000000e+04
1.184800000000000000e+04
1.199900000000000000e+04
1.123800000000000000e+04
1.019800000000000000e+04
1.199900000000000000e+04
1.199900000000000000e+04
1.199900000000000000e+04
1.199900000000000000e+04
1.199900000000000000e+04
1.199900000000000000e+04
1.199900000000000000e+04
1.199900000000000000e+04
1.199900000000000000e+04
1.199900000000000000e+04
1.199900000000000000e+04
1.174000000000000000e+04
1.199900000000000000e+04
1.199900000000000000e+04
1.199900000000000000e+04
1.199900000000000000e+04
1.199900000000000000e+04
1.199900000000000000e+04
1.199900000000000000e+04
1.199900000000000000e+04
1.199900000000000000e+04
1.199900000000000000e+04
1.199900000000000000e+04
1.199900000000000000e+04
1.199900000000000000e+04
1.199900000000000000e+04
1.199900000000000000e+04
1.199900000000000000e+04
1.199900000000000000e+04
1.199900000000000000e+04
1.199900000000000000e+04
1.199900000000000000e+04
1.199900000000000000e+04
1.199900000000000000e+04
1.199900000000000000e+04
1.199900000000000000e+04
1.199900000000000000e+04
1.199900000000000000e+04
1.199900000000000000e+04
1.199900000000000000e+04
1.199900000000000000e+04
1.199900000000000000e+04
1.199900000000000000e+04
1.199900000000000000e+04
1.199900000000000000e+04
1.199900000000000000e+04
1.199900000000000000e+04
1.199900000000000000e+04
1.199900000000000000e+04
1.199900000000000000e+04
1.199900000000000000e+04
1.199900000000000000e+04
1.199900000000000000e+04
1.199900000000000000e+04
1.199900000000000000e+04
1.199900000000000000e+04
1.199900000000000000e+04
1.199900000000000000e+04
1.199900000000000000e+04
1.199900000000000000e+04
1.199900000000000000e+04
1.199900000000000000e+04
1.199900000000000000e+04
1.199900000000000000e+04
1.199900000000000000e+04
1.199900000000000000e+04
1.199900000000000000e+04
1.199900000000000000e+04
1.199900000000000000e+04
1.199900000000000000e+04
1.199900000000000000e+04
1.199900000000000000e+04
1.199900000000000000e+04
1.199900000000000000e+04
1.199900000000000000e+04
1.199900000000000000e+04
1.199900000000000000e+04
1.199900000000000000e+04
1.199900000000000000e+04
1.199900000000000000e+04
1.199900000000000000e+04
1.199900000000000000e+04
1.199900000000000000e+04
1.199900000000000000e+04
1.199900000000000000e+04
1.199900000000000000e+04
1.199900000000000000e+04
1.199900000000000000e+04
1.199900000000000000e+04
1.199900000000000000e+04
1.199900000000000000e+04
1.199900000000000000e+04
1.199900000000000000e+04
1.199900000000000000e+04
1.088200000000000000e+04
1.199900000000000000e+04
1.146500000000000000e+04
1.199900000000000000e+04
1.199900000000000000e+04
1.190200000000000000e+04
1.199900000000000000e+04
1.113800000000000000e+04
1.097300000000000000e+04
1.096800000000000000e+04
1.199900000000000000e+04
1.034500000000000000e+04
1.199900000000000000e+04
1.199900000000000000e+04
9.632000000000000000e+03
1.161600000000000000e+04
1.199900000000000000e+04
1.123100000000000000e+04
1.199900000000000000e+04
1.199900000000000000e+04
1.199900000000000000e+04
1.137600000000000000e+04
1.199900000000000000e+04
1.178300000000000000e+04
1.199900000000000000e+04
1.199900000000000000e+04
1.199900000000000000e+04
1.199900000000000000e+04
1.199900000000000000e+04
1.199900000000000000e+04
1.199900000000000000e+04
1.199900000000000000e+04
1.199900000000000000e+04
1.199900000000000000e+04
1.144400000000000000e+04
1.199900000000000000e+04
1.032200000000000000e+04
1.199900000000000000e+04
1.199900000000000000e+04
1.199900000000000000e+04
1.112400000000000000e+04
1.199900000000000000e+04
1.124900000000000000e+04
1.085900000000000000e+04
1.199900000000000000e+04
1.100200000000000000e+04
1.029500000000000000e+04
1.041500000000000000e+04
1.026800000000000000e+04
9.554000000000000000e+03
1.069000000000000000e+04
9.244000000000000000e+03
1.004300000000000000e+04
9.659000000000000000e+03
8.640000000000000000e+03
9.996000000000000000e+03
9.089000000000000000e+03
9.706000000000000000e+03
9.030000000000000000e+03
8.679000000000000000e+03
8.849000000000000000e+03
8.732000000000000000e+03
9.031000000000000000e+03
8.640000000000000000e+03
9.469000000000000000e+03
8.355000000000000000e+03
7.898000000000000000e+03
8.242000000000000000e+03
8.826000000000000000e+03
9.363000000000000000e+03
8.726000000000000000e+03
8.235000000000000000e+03
8.194000000000000000e+03
8.162000000000000000e+03
7.812000000000000000e+03
8.787000000000000000e+03
9.758000000000000000e+03
9.515000000000000000e+03
9.168000000000000000e+03
8.864000000000000000e+03
8.290000000000000000e+03
8.690000000000000000e+03
7.404000000000000000e+03
9.199000000000000000e+03
8.695000000000000000e+03
9.286000000000000000e+03
8.264000000000000000e+03
7.919000000000000000e+03
8.240000000000000000e+03
8.427000000000000000e+03
7.660000000000000000e+03
8.447000000000000000e+03
7.530000000000000000e+03
7.934000000000000000e+03
8.201000000000000000e+03
8.046000000000000000e+03
7.835000000000000000e+03
7.542000000000000000e+03
8.226000000000000000e+03
7.984000000000000000e+03
7.372000000000000000e+03
7.025000000000000000e+03
8.099000000000000000e+03
8.532000000000000000e+03
7.501000000000000000e+03
8.380000000000000000e+03
8.020000000000000000e+03
7.821000000000000000e+03
8.007000000000000000e+03
8.657000000000000000e+03
7.377000000000000000e+03
7.300000000000000000e+03
7.722000000000000000e+03
7.825000000000000000e+03
8.100000000000000000e+03
7.490000000000000000e+03
7.379000000000000000e+03
8.517000000000000000e+03
7.258000000000000000e+03
7.903000000000000000e+03
7.523000000000000000e+03
8.854000000000000000e+03
7.054000000000000000e+03
7.065000000000000000e+03
7.748000000000000000e+03
7.467000000000000000e+03
8.621000000000000000e+03
7.791000000000000000e+03
7.434000000000000000e+03
8.200000000000000000e+03
7.380000000000000000e+03
7.877000000000000000e+03
7.914000000000000000e+03
7.686000000000000000e+03
8.162000000000000000e+03
7.594000000000000000e+03
7.683000000000000000e+03
7.654000000000000000e+03
7.800000000000000000e+03
8.764000000000000000e+03
7.812000000000000000e+03
7.930000000000000000e+03
8.209000000000000000e+03
7.720000000000000000e+03
8.611000000000000000e+03
7.641000000000000000e+03
7.804000000000000000e+03
8.408000000000000000e+03
7.938000000000000000e+03
7.635000000000000000e+03
8.093000000000000000e+03
8.334000000000000000e+03
7.895000000000000000e+03
8.664000000000000000e+03
7.922000000000000000e+03
7.953000000000000000e+03
7.504000000000000000e+03
7.759000000000000000e+03
9.144000000000000000e+03
8.163000000000000000e+03
8.889000000000000000e+03
8.122000000000000000e+03
9.548000000000000000e+03
8.592000000000000000e+03
7.224000000000000000e+03
8.531000000000000000e+03
8.008000000000000000e+03
7.535000000000000000e+03
8.302000000000000000e+03
7.705000000000000000e+03
8.891000000000000000e+03
6.958000000000000000e+03
7.926000000000000000e+03
8.249000000000000000e+03
8.340000000000000000e+03
8.030000000000000000e+03
8.466000000000000000e+03
7.904000000000000000e+03
7.757000000000000000e+03
7.318000000000000000e+03
7.365000000000000000e+03
8.208000000000000000e+03
7.698000000000000000e+03
8.111000000000000000e+03
8.006000000000000000e+03
7.239000000000000000e+03
7.539000000000000000e+03
7.416000000000000000e+03
8.817000000000000000e+03
8.154000000000000000e+03
7.849000000000000000e+03
8.154000000000000000e+03
7.672000000000000000e+03
7.503000000000000000e+03
8.326000000000000000e+03
8.162000000000000000e+03
8.358000000000000000e+03
7.723000000000000000e+03
7.835000000000000000e+03
8.056000000000000000e+03
7.104000000000000000e+03
8.500000000000000000e+03
7.987000000000000000e+03
8.796000000000000000e+03
7.750000000000000000e+03
7.717000000000000000e+03
7.480000000000000000e+03
7.493000000000000000e+03
7.701000000000000000e+03
8.409000000000000000e+03
7.904000000000000000e+03
8.007000000000000000e+03
8.132000000000000000e+03
8.228000000000000000e+03
8.117000000000000000e+03
7.538000000000000000e+03
8.921000000000000000e+03
8.762000000000000000e+03
8.219000000000000000e+03
8.018000000000000000e+03
7.731000000000000000e+03
8.131000000000000000e+03
8.193000000000000000e+03
7.960000000000000000e+03
8.773000000000000000e+03
8.403000000000000000e+03
7.861000000000000000e+03
8.780000000000000000e+03
7.693000000000000000e+03
8.972000000000000000e+03
8.809000000000000000e+03
8.865000000000000000e+03
8.185000000000000000e+03
7.895000000000000000e+03
8.117000000000000000e+03
7.687000000000000000e+03
8.895000000000000000e+03
8.593000000000000000e+03
8.833000000000000000e+03
8.710000000000000000e+03
8.892000000000000000e+03
9.288000000000000000e+03
8.448000000000000000e+03
9.704000000000000000e+03
9.176000000000000000e+03
7.819000000000000000e+03
8.902000000000000000e+03
8.784000000000000000e+03
8.907000000000000000e+03
9.122000000000000000e+03
9.657000000000000000e+03
9.339000000000000000e+03
8.165000000000000000e+03
7.794000000000000000e+03
8.173000000000000000e+03
8.336000000000000000e+03
9.404000000000000000e+03
8.009000000000000000e+03
8.422000000000000000e+03
7.614000000000000000e+03
8.262000000000000000e+03
7.907000000000000000e+03
8.349000000000000000e+03
9.101000000000000000e+03
7.354000000000000000e+03
7.248000000000000000e+03
8.163000000000000000e+03
7.709000000000000000e+03
7.359000000000000000e+03
7.564000000000000000e+03
8.240000000000000000e+03
7.478000000000000000e+03
8.467000000000000000e+03
8.087000000000000000e+03
8.093000000000000000e+03
7.362000000000000000e+03
7.834000000000000000e+03
8.127000000000000000e+03
8.177000000000000000e+03
8.273000000000000000e+03
7.657000000000000000e+03
8.525000000000000000e+03
8.387000000000000000e+03
8.235000000000000000e+03
9.687000000000000000e+03
8.694000000000000000e+03
9.053000000000000000e+03
8.951000000000000000e+03
8.787000000000000000e+03
8.865000000000000000e+03
8.487000000000000000e+03
8.643000000000000000e+03
8.450000000000000000e+03
9.009000000000000000e+03
8.657000000000000000e+03
9.245000000000000000e+03
8.995000000000000000e+03
9.389000000000000000e+03
9.515000000000000000e+03
9.479000000000000000e+03
9.860000000000000000e+03
1.199900000000000000e+04
9.311000000000000000e+03
1.067900000000000000e+04
1.056600000000000000e+04
9.885000000000000000e+03
1.057000000000000000e+04
1.141100000000000000e+04
1.122300000000000000e+04
1.116700000000000000e+04
1.123700000000000000e+04
1.199900000000000000e+04
1.199900000000000000e+04
1.199900000000000000e+04
1.199900000000000000e+04
1.199900000000000000e+04
1.199900000000000000e+04
1.199900000000000000e+04
1.199900000000000000e+04
1.199900000000000000e+04
1.199900000000000000e+04
1.199900000000000000e+04
1.199900000000000000e+04
1.199900000000000000e+04
1.199900000000000000e+04
1.199900000000000000e+04
1.199900000000000000e+04
1.199900000000000000e+04
1.199900000000000000e+04
1.199900000000000000e+04
1.199900000000000000e+04
1.199900000000000000e+04
1.199900000000000000e+04
1.199900000000000000e+04
1.199900000000000000e+04
1.199900000000000000e+04
1.199900000000000000e+04
1.199900000000000000e+04
1.199900000000000000e+04
1.199900000000000000e+04
1.199900000000000000e+04
1.199900000000000000e+04
1.199900000000000000e+04
1.199900000000000000e+04
1.199900000000000000e+04
1.199900000000000000e+04
1.199900000000000000e+04
1.199900000000000000e+04
1.199900000000000000e+04
1.199900000000000000e+04
1.199900000000000000e+04
1.199900000000000000e+04
1.199900000000000000e+04
1.199900000000000000e+04
1.199900000000000000e+04
1.199900000000000000e+04
1.199900000000000000e+04
1.199900000000000000e+04
1.199900000000000000e+04
1.199900000000000000e+04
1.199900000000000000e+04
1.199900000000000000e+04
1.199900000000000000e+04
1.199900000000000000e+04
1.199900000000000000e+04
1.199900000000000000e+04
1.199900000000000000e+04
1.199900000000000000e+04
1.199900000000000000e+04
1.199900000000000000e+04
1.199900000000000000e+04
1.199900000000000000e+04
1.199900000000000000e+04
1.199900000000000000e+04
1.199900000000000000e+04
1.199900000000000000e+04
1.199900000000000000e+04
1.199900000000000000e+04
1.199900000000000000e+04
1.199900000000000000e+04
1.199900000000000000e+04
1.199900000000000000e+04
1.199900000000000000e+04
1.199900000000000000e+04
1.199900000000000000e+04
1.199900000000000000e+04
1.199900000000000000e+04
1.199900000000000000e+04
1.199900000000000000e+04
1.199900000000000000e+04
1.199900000000000000e+04
1.199900000000000000e+04
1.199900000000000000e+04
1.199900000000000000e+04
1.199900000000000000e+04
1.199900000000000000e+04
1.199900000000000000e+04
1.199900000000000000e+04
1.199900000000000000e+04
1.199900000000000000e+04
1.199900000000000000e+04
1.199900000000000000e+04
1.199900000000000000e+04
1.199900000000000000e+04
1.199900000000000000e+04
1.199900000000000000e+04
1.199900000000000000e+04
1.199900000000000000e+04
1.199900000000000000e+04
1.199900000000000000e+04
1.199900000000000000e+04
1.199900000000000000e+04
1.199900000000000000e+04
1.199900000000000000e+04
1.199900000000000000e+04
1.199900000000000000e+04
1.199900000000000000e+04
1.199900000000000000e+04
1.199900000000000000e+04
1.199900000000000000e+04
1.199900000000000000e+04
1.199900000000000000e+04
1.199900000000000000e+04
1.199900000000000000e+04
1.199900000000000000e+04
1.199900000000000000e+04
1.199900000000000000e+04
1.199900000000000000e+04
1.199900000000000000e+04
1.199900000000000000e+04
1.199900000000000000e+04
1.199900000000000000e+04
1.199900000000000000e+04
1.199900000000000000e+04
1.199900000000000000e+04
1.199900000000000000e+04
1.199900000000000000e+04
1.199900000000000000e+04
1.199900000000000000e+04
1.199900000000000000e+04
1.199900000000000000e+04
1.199900000000000000e+04
1.199900000000000000e+04
1.199900000000000000e+04
1.199900000000000000e+04
1.199900000000000000e+04
1.199900000000000000e+04
1.199900000000000000e+04
1.199900000000000000e+04
1.199900000000000000e+04
1.199900000000000000e+04
1.199900000000000000e+04
1.199900000000000000e+04
1.199900000000000000e+04
1.199900000000000000e+04
1.199900000000000000e+04
1.199900000000000000e+04
1.199900000000000000e+04
1.199900000000000000e+04
1.199900000000000000e+04
1.199900000000000000e+04
1.199900000000000000e+04
1.199900000000000000e+04
1.199900000000000000e+04
1.199900000000000000e+04
1.199900000000000000e+04
1.199900000000000000e+04
1.199900000000000000e+04
1.199900000000000000e+04
1.199900000000000000e+04
1.199900000000000000e+04
1.199900000000000000e+04
1.199900000000000000e+04
1.199900000000000000e+04
1.199900000000000000e+04
1.199900000000000000e+04
1.199900000000000000e+04
1.199900000000000000e+04
1.199900000000000000e+04
1.199900000000000000e+04
1.199900000000000000e+04
1.199900000000000000e+04
1.199900000000000000e+04
1.199900000000000000e+04
1.199900000000000000e+04
1.199900000000000000e+04
1.199900000000000000e+04
1.199900000000000000e+04
1.199900000000000000e+04
1.199900000000000000e+04
1.199900000000000000e+04
1.199900000000000000e+04
1.199900000000000000e+04
1.199900000000000000e+04
1.199900000000000000e+04
1.199900000000000000e+04
1.199900000000000000e+04
1.199900000000000000e+04
1.199900000000000000e+04
1.199900000000000000e+04
1.199900000000000000e+04
1.199900000000000000e+04
1.199900000000000000e+04
1.199900000000000000e+04
1.199900000000000000e+04
1.199900000000000000e+04
1.199900000000000000e+04
1.199900000000000000e+04
1.199900000000000000e+04
1.199900000000000000e+04
1.199900000000000000e+04
1.199900000000000000e+04
1.199900000000000000e+04
1.199900000000000000e+04
1.199900000000000000e+04
1.199900000000000000e+04
1.199900000000000000e+04
1.199900000000000000e+04
1.199900000000000000e+04
1.199900000000000000e+04
1.199900000000000000e+04
1.199900000000000000e+04
1.199900000000000000e+04
1.199900000000000000e+04
1.199900000000000000e+04
1.199900000000000000e+04
1.199900000000000000e+04
1.199900000000000000e+04
1.199900000000000000e+04
1.199900000000000000e+04
1.199900000000000000e+04
1.199900000000000000e+04
1.199900000000000000e+04
1.199900000000000000e+04
1.199900000000000000e+04
1.199900000000000000e+04
1.199900000000000000e+04
1.199900000000000000e+04
1.199900000000000000e+04
1.199900000000000000e+04
1.199900000000000000e+04
1.199900000000000000e+04
1.199900000000000000e+04
1.199900000000000000e+04
1.199900000000000000e+04
1.199900000000000000e+04
1.199900000000000000e+04
1.199900000000000000e+04
1.199900000000000000e+04
1.199900000000000000e+04
1.199900000000000000e+04
1.199900000000000000e+04
1.199900000000000000e+04
1.199900000000000000e+04
1.199900000000000000e+04
1.199900000000000000e+04
1.199900000000000000e+04
1.199900000000000000e+04
1.199900000000000000e+04
1.199900000000000000e+04
1.199900000000000000e+04
1.199900000000000000e+04
1.199900000000000000e+04
1.199900000000000000e+04
1.199900000000000000e+04
1.199900000000000000e+04
1.199900000000000000e+04
1.199900000000000000e+04
1.199900000000000000e+04
1.199900000000000000e+04
1.199900000000000000e+04
1.199900000000000000e+04
1.199900000000000000e+04
1.199900000000000000e+04
1.199900000000000000e+04
1.199900000000000000e+04
1.199900000000000000e+04
1.199900000000000000e+04
1.199900000000000000e+04
1.199900000000000000e+04
1.199900000000000000e+04
1.199900000000000000e+04
1.199900000000000000e+04
1.199900000000000000e+04
1.199900000000000000e+04
1.199900000000000000e+04
1.199900000000000000e+04
1.199900000000000000e+04
1.199900000000000000e+04
1.199900000000000000e+04
1.199900000000000000e+04
1.199900000000000000e+04
1.199900000000000000e+04
1.199900000000000000e+04
1.199900000000000000e+04
1.199900000000000000e+04
1.199900000000000000e+04
1.199900000000000000e+04
1.199900000000000000e+04
1.199900000000000000e+04
1.199900000000000000e+04
1.199900000000000000e+04
1.199900000000000000e+04
1.199900000000000000e+04
1.199900000000000000e+04
1.199900000000000000e+04
1.199900000000000000e+04
1.199900000000000000e+04
1.199900000000000000e+04
1.199900000000000000e+04
1.199900000000000000e+04
1.199900000000000000e+04
1.199900000000000000e+04
1.199900000000000000e+04
1.199900000000000000e+04
1.199900000000000000e+04
1.199900000000000000e+04
1.199900000000000000e+04
1.199900000000000000e+04
1.199900000000000000e+04
1.199900000000000000e+04
1.199900000000000000e+04
1.199900000000000000e+04
1.199900000000000000e+04
1.199900000000000000e+04
1.199900000000000000e+04
1.199900000000000000e+04
1.199900000000000000e+04
1.199900000000000000e+04
1.199900000000000000e+04
1.199900000000000000e+04
1.199900000000000000e+04
1.199900000000000000e+04
1.199900000000000000e+04
1.199900000000000000e+04
1.199900000000000000e+04
1.199900000000000000e+04
1.199900000000000000e+04
1.199900000000000000e+04
1.199900000000000000e+04
1.199900000000000000e+04
1.199900000000000000e+04
1.199900000000000000e+04
1.199900000000000000e+04
1.199900000000000000e+04
1.111900000000000000e+04
1.185000000000000000e+04
1.199900000000000000e+04
1.199900000000000000e+04
1.199900000000000000e+04
1.187500000000000000e+04
1.173300000000000000e+04
1.199900000000000000e+04
1.199900000000000000e+04
1.199900000000000000e+04
1.199900000000000000e+04
1.199900000000000000e+04
1.199900000000000000e+04
1.199900000000000000e+04
1.199900000000000000e+04
1.199900000000000000e+04
1.199900000000000000e+04
1.199900000000000000e+04
1.199900000000000000e+04
1.199900000000000000e+04
1.199900000000000000e+04
1.199900000000000000e+04
1.199900000000000000e+04
1.199900000000000000e+04
1.199900000000000000e+04
1.199900000000000000e+04
1.199900000000000000e+04
1.199900000000000000e+04
1.199900000000000000e+04
1.199900000000000000e+04
1.199900000000000000e+04
1.199900000000000000e+04
1.199900000000000000e+04
1.199900000000000000e+04
1.199900000000000000e+04
1.199900000000000000e+04
1.199900000000000000e+04
1.199900000000000000e+04
1.199900000000000000e+04
1.199900000000000000e+04
1.199900000000000000e+04
1.199900000000000000e+04
1.199900000000000000e+04
1.199900000000000000e+04
1.199900000000000000e+04
1.178100000000000000e+04
1.159600000000000000e+04
1.199900000000000000e+04
1.158000000000000000e+04
1.199900000000000000e+04
1.178100000000000000e+04
1.151900000000000000e+04
1.109000000000000000e+04
1.077700000000000000e+04
1.060700000000000000e+04
1.199900000000000000e+04
1.170600000000000000e+04
1.199900000000000000e+04
1.007200000000000000e+04
1.031100000000000000e+04
1.092900000000000000e+04
1.079800000000000000e+04
1.007800000000000000e+04
9.934000000000000000e+03
1.082600000000000000e+04
8.834000000000000000e+03
9.669000000000000000e+03
8.389000000000000000e+03
7.908000000000000000e+03
9.111000000000000000e+03
8.737000000000000000e+03
8.344000000000000000e+03
7.183000000000000000e+03
9.303000000000000000e+03
7.371000000000000000e+03
8.474000000000000000e+03
8.204000000000000000e+03
7.655000000000000000e+03
8.954000000000000000e+03
8.207000000000000000e+03
7.760000000000000000e+03
8.017000000000000000e+03
7.336000000000000000e+03
7.212000000000000000e+03
7.809000000000000000e+03
8.009000000000000000e+03
8.204000000000000000e+03
7.681000000000000000e+03
8.736000000000000000e+03
8.081000000000000000e+03
7.992000000000000000e+03
7.791000000000000000e+03
8.010000000000000000e+03
7.612000000000000000e+03
8.667000000000000000e+03
7.904000000000000000e+03
8.435000000000000000e+03
7.854000000000000000e+03
8.410000000000000000e+03
7.589000000000000000e+03
8.668000000000000000e+03
7.559000000000000000e+03
8.191000000000000000e+03
7.709000000000000000e+03
7.668000000000000000e+03
8.029000000000000000e+03
8.334000000000000000e+03
8.023000000000000000e+03
8.264000000000000000e+03
8.358000000000000000e+03
7.437000000000000000e+03
8.210000000000000000e+03
8.154000000000000000e+03
7.780000000000000000e+03
7.841000000000000000e+03
7.631000000000000000e+03
7.952000000000000000e+03
8.013000000000000000e+03
7.334000000000000000e+03
8.546000000000000000e+03
8.315000000000000000e+03
8.173000000000000000e+03
7.695000000000000000e+03
8.326000000000000000e+03
7.714000000000000000e+03
8.547000000000000000e+03
9.045000000000000000e+03
8.843000000000000000e+03
8.424000000000000000e+03
8.339000000000000000e+03
8.351000000000000000e+03
8.127000000000000000e+03
9.121000000000000000e+03
8.265000000000000000e+03
8.250000000000000000e+03
8.364000000000000000e+03
8.105000000000000000e+03
7.720000000000000000e+03
8.028000000000000000e+03
8.113000000000000000e+03
8.434000000000000000e+03
7.787000000000000000e+03
7.827000000000000000e+03
8.337000000000000000e+03
7.726000000000000000e+03
7.929000000000000000e+03
9.243000000000000000e+03
7.788000000000000000e+03
8.148000000000000000e+03
7.363000000000000000e+03
8.565000000000000000e+03
9.031000000000000000e+03
7.996000000000000000e+03
9.144000000000000000e+03
8.515000000000000000e+03
8.047000000000000000e+03
7.814000000000000000e+03
9.104000000000000000e+03
7.372000000000000000e+03
9.388000000000000000e+03
7.633000000000000000e+03
8.699000000000000000e+03
9.862000000000000000e+03
8.029000000000000000e+03
8.239000000000000000e+03
8.821000000000000000e+03
7.705000000000000000e+03
8.492000000000000000e+03
9.236000000000000000e+03
9.715000000000000000e+03
8.137000000000000000e+03
8.517000000000000000e+03
9.064000000000000000e+03
8.356000000000000000e+03
9.408000000000000000e+03
8.910000000000000000e+03
8.929000000000000000e+03
8.287000000000000000e+03
1.003700000000000000e+04
9.619000000000000000e+03
8.438000000000000000e+03
9.877000000000000000e+03
9.717000000000000000e+03
1.006900000000000000e+04
8.183000000000000000e+03
9.302000000000000000e+03
9.384000000000000000e+03
9.233000000000000000e+03
9.468000000000000000e+03
9.842000000000000000e+03
1.199900000000000000e+04
1.199900000000000000e+04
1.199900000000000000e+04
1.199900000000000000e+04
1.199900000000000000e+04
1.027800000000000000e+04
1.199900000000000000e+04
1.199900000000000000e+04
1.199900000000000000e+04
9.746000000000000000e+03
9.809000000000000000e+03
9.917000000000000000e+03
1.011100000000000000e+04
1.119000000000000000e+04
1.013700000000000000e+04
1.170800000000000000e+04
1.068200000000000000e+04
1.181800000000000000e+04
1.198000000000000000e+04
1.008700000000000000e+04
1.199900000000000000e+04
1.199900000000000000e+04
1.199900000000000000e+04
1.199900000000000000e+04
1.199900000000000000e+04
1.199900000000000000e+04
1.199900000000000000e+04
1.199900000000000000e+04
1.199900000000000000e+04
1.199900000000000000e+04
1.192800000000000000e+04
1.199900000000000000e+04
1.199900000000000000e+04
1.199900000000000000e+04
1.199900000000000000e+04
1.199900000000000000e+04
1.199900000000000000e+04
1.199900000000000000e+04
1.199900000000000000e+04
1.199900000000000000e+04
1.199900000000000000e+04
1.199900000000000000e+04
1.199900000000000000e+04
1.199900000000000000e+04
1.199900000000000000e+04
1.199900000000000000e+04
1.199900000000000000e+04
1.199900000000000000e+04
1.199900000000000000e+04
1.199900000000000000e+04
1.199900000000000000e+04
1.199900000000000000e+04
1.199900000000000000e+04
1.199900000000000000e+04
1.199900000000000000e+04
1.199900000000000000e+04
1.199900000000000000e+04
1.199900000000000000e+04
1.199900000000000000e+04
1.199900000000000000e+04
1.199900000000000000e+04
1.199900000000000000e+04
1.199900000000000000e+04
1.199900000000000000e+04
1.199900000000000000e+04
1.199900000000000000e+04
1.199900000000000000e+04
1.199900000000000000e+04
1.199900000000000000e+04
1.199900000000000000e+04
1.199900000000000000e+04
1.199900000000000000e+04
1.199900000000000000e+04
1.199900000000000000e+04
1.199900000000000000e+04
1.199900000000000000e+04
1.199900000000000000e+04
1.199900000000000000e+04
1.199900000000000000e+04
1.199900000000000000e+04
1.199900000000000000e+04
1.199900000000000000e+04
1.199900000000000000e+04
1.199900000000000000e+04
1.199900000000000000e+04
1.199900000000000000e+04
1.199900000000000000e+04
1.199900000000000000e+04
1.199900000000000000e+04
1.199900000000000000e+04
1.199900000000000000e+04
1.199900000000000000e+04
1.199900000000000000e+04
1.199900000000000000e+04
1.199900000000000000e+04
1.199900000000000000e+04
1.142300000000000000e+04
1.103500000000000000e+04
1.199900000000000000e+04
1.164700000000000000e+04
1.199900000000000000e+04
1.152000000000000000e+04
1.077800000000000000e+04
1.093400000000000000e+04
1.056700000000000000e+04
1.173100000000000000e+04
1.123800000000000000e+04
1.075500000000000000e+04
1.175500000000000000e+04
1.065200000000000000e+04
