[-1.51 -1.11 -0.31 ... -0.31 -0.31 -0.31]
[-1.51 -1.11 -0.31 ... -0.31 -0.31 -0.02]
[-1.07 -0.67  0.17 ... -0.31 -0.31 -0.31]
[-1.07 -0.67  0.17 ... -0.31 -0.31 -0.03]
[-1.07 -0.67 -0.24 ... -0.31 -0.31 -0.02]
[-1.07 -0.67 -0.24 ... -0.31 -0.02 -0.03]
[-1.1  -0.67  0.13 ... -0.31 -0.31 -0.31]
[-1.1  -0.67  0.13 ... -0.31 -0.31 -0.03]
[-1.1  -0.67  0.13 ... -0.31 -0.31 -0.31]
[-1.1  -0.67  0.13 ... -0.31 -0.31 -0.03]
[-1.09 -0.67  0.13 ...  0.17 -0.02 -0.24]
[-1.09 -0.67  0.13 ... -0.02 -0.24 -0.02]
[-1.51 -0.89 -0.02 ...  0.13  0.17  0.2 ]
[-1.51 -0.89 -0.02 ...  0.17  0.2  -0.03]
[-1.07 -0.89 -0.24 ...  0.2   0.13  0.13]
[-1.07 -0.89 -0.24 ...  0.13  0.13 -0.03]
[-1.09 -0.67 -0.02 ...  0.17 -0.02  0.2 ]
[-1.09 -0.67 -0.02 ... -0.02  0.2  -0.03]
[-1.07 -1.11  0.2  ... -0.31 -0.31 -0.31]
[-1.07 -1.11  0.2  ... -0.31 -0.31 -0.03]
[-1.1  -0.67 -0.02 ... -0.24 -0.31 -0.31]
[-1.1  -0.67 -0.02 ... -0.31 -0.31 -0.03]
[-1.07 -0.89  0.17 ...  0.2   0.13 -0.24]
[-1.07 -0.89  0.17 ...  0.13 -0.24 -0.03]
[-1.1  -0.67 -0.24 ...  0.2   0.13 -0.02]
[-1.1  -0.67 -0.24 ...  0.13 -0.02 -0.03]
[-1.09 -0.7   0.2  ... -0.31 -0.31 -0.02]
[-1.09 -0.7   0.2  ... -0.31 -0.02 -0.03]
[-1.07 -0.67  0.13 ...  0.13  0.13 -0.02]
[-1.07 -0.67  0.13 ...  0.13 -0.02 -0.03]
[-1.07 -0.67  0.13 ... -0.31 -0.31 -0.31]
[-1.07 -0.67  0.13 ... -0.31 -0.31 -0.02]
[-1.07 -0.67  0.13 ...  0.17  0.17  0.17]
[-1.07 -0.67  0.13 ...  0.17  0.17 -0.02]
[-1.07 -1.11  0.17 ... -0.31 -0.31 -0.31]
[-1.07 -1.11  0.17 ... -0.31 -0.31 -0.03]
[-1.07 -1.11  0.17 ...  0.17  0.17 -0.02]
[-1.07 -1.11  0.17 ...  0.17 -0.02 -0.03]
[-1.07 -0.67  0.17 ...  0.17  0.2   0.17]
[-1.07 -0.67  0.17 ...  0.2   0.17 -0.03]
[-1.1  -0.67  0.13 ... -0.31 -0.02 -0.24]
[-1.1  -0.67  0.13 ... -0.02 -0.24 -0.03]
[-1.51 -0.67  0.13 ... -0.31 -0.31 -0.31]
[-1.51 -0.67  0.13 ... -0.31 -0.31 -0.03]
[-1.1  -0.67  0.13 ...  0.17 -0.24  0.2 ]
[-1.1  -0.67  0.13 ... -0.24  0.2  -0.03]
[-1.1  -0.89 -0.24 ...  0.2   0.17 -0.24]
[-1.1  -0.89 -0.24 ...  0.17 -0.24 -0.02]
[-1.1  -0.67  0.13 ...  0.17  0.2   0.17]
[-1.1  -0.67  0.13 ...  0.2   0.17 -0.03]
[-1.1  -0.67  0.13 ... -0.31 -0.31 -0.31]
[-1.1  -0.67  0.13 ... -0.31 -0.31 -0.03]
[-1.07 -0.7  -0.24 ...  0.2   0.13  0.13]
[-1.07 -0.7  -0.24 ...  0.13  0.13 -0.03]
[-1.07 -0.7  -0.02 ... -0.31  0.2   0.17]
[-1.07 -0.7  -0.02 ...  0.2   0.17 -0.03]
[-1.1  -0.7  -0.02 ...  0.13  0.17  0.2 ]
[-1.1  -0.7  -0.02 ...  0.17  0.2  -0.02]
[-1.07 -0.67  0.13 ... -0.02 -0.09  0.2 ]
[-1.07 -0.67  0.13 ... -0.09  0.2  -0.02]
[-1.07 -0.89 -0.09 ...  0.2   0.17  0.2 ]
[-1.07 -0.89 -0.09 ...  0.17  0.2  -0.03]
[-1.1  -0.67  0.13 ...  0.2   0.13  0.17]
[-1.1  -0.67  0.13 ...  0.13  0.17 -0.03]
[-1.07 -0.89  0.2  ... -0.02  0.2   0.13]
[-1.07 -0.89  0.2  ...  0.2   0.13 -0.02]
[-1.07 -0.67  0.13 ...  0.17  0.1   0.2 ]
[-1.07 -0.67  0.13 ...  0.1   0.2  -0.03]
[-1.1  -0.67  0.13 ... -0.02  0.17  0.1 ]
[-1.1  -0.67  0.13 ...  0.17  0.1  -0.03]
[-1.07 -0.67  0.13 ... -0.31 -0.31 -0.31]
[-1.07 -0.67  0.13 ... -0.31 -0.31 -0.03]
[-1.07 -0.67  0.13 ... -0.02  0.17  0.2 ]
[-1.07 -0.67  0.13 ...  0.17  0.2  -0.03]
[-1.07 -0.67  0.13 ... -0.31 -0.31 -0.31]
[-1.07 -0.67  0.13 ... -0.31 -0.31 -0.03]
[-1.1  -0.7  -0.24 ... -0.02  0.2  -0.24]
[-1.1  -0.7  -0.24 ...  0.2  -0.24 -0.03]
[-1.07 -0.67 -0.24 ...  0.17 -0.24  0.2 ]
[-1.07 -0.67 -0.24 ... -0.24  0.2  -0.03]
[-1.07 -0.67  0.17 ...  0.17  0.2   0.13]
[-1.07 -0.67  0.17 ...  0.2   0.13 -0.03]
[-1.07 -0.7  -0.02 ...  0.2  -0.02  0.17]
[-1.07 -0.7  -0.02 ... -0.02  0.17 -0.03]
[-1.07 -0.7   0.2  ... -0.02  0.2   0.17]
[-1.07 -0.7   0.2  ...  0.2   0.17 -0.02]
[-1.07 -0.67  0.13 ... -0.24  0.2  -0.24]
[-1.07 -0.67  0.13 ...  0.2  -0.24 -0.03]
[-1.51 -0.67  0.17 ...  0.13  0.13 -0.24]
[-1.51 -0.67  0.17 ...  0.13 -0.24 -0.03]
[-1.09 -0.67 -0.24 ...  0.1   0.17  0.17]
[-1.09 -0.67 -0.24 ...  0.17  0.17 -0.03]
[-1.07 -0.67  0.17 ...  0.17 -0.02  0.17]
[-1.07 -0.67  0.17 ... -0.02  0.17 -0.03]
[-1.07 -0.67  0.13 ...  0.17 -0.02  0.17]
[-1.07 -0.67  0.13 ... -0.02  0.17 -0.03]
[-1.07 -0.67  0.17 ... -0.24 -0.31 -0.31]
[-1.07 -0.67  0.17 ... -0.31 -0.31 -0.03]
[-1.07 -0.67  0.13 ... -0.24  0.2   0.17]
[-1.07 -0.67  0.13 ...  0.2   0.17 -0.03]
[-1.07 -0.89  0.2  ...  0.13  0.13 -0.24]
[-1.07 -0.89  0.2  ...  0.13 -0.24 -0.03]
[-1.07 -0.7   0.17 ...  0.17 -0.02 -0.09]
[-1.07 -0.7   0.17 ... -0.02 -0.09 -0.03]
[-1.07 -0.7   0.2  ...  0.17  0.2  -0.02]
[-1.07 -0.7   0.2  ...  0.2  -0.02 -0.03]
[-1.07 -0.67 -0.24 ...  0.13 -0.24 -0.31]
[-1.07 -0.67 -0.24 ... -0.24 -0.31 -0.02]
[-1.1  -0.67  0.17 ... -0.31 -0.31 -0.31]
[-1.1  -0.67  0.17 ... -0.31 -0.31 -0.03]
[-1.07 -1.11  0.2  ...  0.17 -0.24  0.2 ]
[-1.07 -1.11  0.2  ... -0.24  0.2  -0.03]
[-1.07 -1.11  0.2  ... -0.02  0.2   0.17]
[-1.07 -1.11  0.2  ...  0.2   0.17 -0.03]
[-1.07 -0.67  0.13 ...  0.17  0.17 -0.02]
[-1.07 -0.67  0.13 ...  0.17 -0.02 -0.03]
[-1.07 -0.67  0.17 ...  0.17  0.17  0.2 ]
[-1.07 -0.67  0.17 ...  0.17  0.2  -0.03]
[-1.51 -0.67  0.13 ...  0.13  0.17 -0.24]
[-1.51 -0.67  0.13 ...  0.17 -0.24 -0.02]
