-1981.7000000000003
-1981.7400000000002
-2106.8900000000003
-2106.9300000000003
-2201.7200000000003
-2201.76
-2175.8
-2175.84
-2112.3200000000006
-2112.3600000000006
-2149.16
-2149.2
-2152.33
-2152.37
-2043.9900000000002
-2044.0200000000004
-2106.4300000000003
-2106.46
-2095.26
-2095.3
-2073.87
-2073.91
-2164.2200000000003
-2164.26
-2141.46
-2141.5000000000005
-1987.42
-1987.46
-2117.8700000000003
-2117.9100000000003
-2113.51
-2113.55
-2161.9100000000003
-2161.9400000000005
-2144.08
-2144.1200000000003
-2221.3100000000004
-2221.3500000000004
-2186.9500000000007
-2186.9900000000007
-2128.57
-2128.6100000000006
-2083.7200000000003
-2083.7500000000005
-2041.48
-2041.5200000000002
-1926.7500000000002
-1926.7900000000004
-2081.12
-2081.1600000000003
-2051.0800000000004
-2051.1200000000003
-1969.5100000000002
-1969.54
-2110.0800000000004
-2110.1100000000006
-2130.75
-2130.79
-2096.26
-2096.29
-2089.9800000000005
-2090.0200000000004
-2085.2500000000005
-2085.2900000000004
-2065.5299999999997
-2065.5700000000006
-2087.2500000000005
-2087.29
-2075.1800000000003
-2075.2200000000003
-2149.01
-2149.05
-2126.4300000000003
-2126.4700000000003
-2005.7000000000003
-2005.7400000000002
-2026.9700000000003
-2027.0100000000002
-2008.13
-2008.17
-2089.4400000000005
-2089.4800000000005
-2025.8400000000001
-2025.88
-2102.6900000000005
-2102.7300000000005
-2144.26
-2144.3
-2112.7000000000003
-2112.7300000000005
-2050.05
-2050.09
-2126.45
-2126.4900000000002
-2030.1800000000003
-2030.2200000000003
-1997.4
-1997.44
-1990.2300000000005
-1990.2700000000002
-2096.09
-2096.13
-2010.1100000000001
-2010.1400000000003
-2049.83
-2049.87
-2015.2700000000002
-2015.3100000000004
-1997.3700000000003
-1997.4100000000003
-2006.14
-2006.1800000000003
-1953.92
-1953.9600000000003
-1965.5300000000002
-1965.5700000000002
-2009.34
-2009.38
-2029.63
-2029.67
-2082.6900000000005
-2082.7300000000005
-2043.17
-2043.2100000000005
-2060.8
-2060.84
-2030.8100000000004
-2030.8500000000001
-2042.8000000000002
-2042.8400000000001
-2043.3300000000002
-2043.3700000000003
-2053.79
-2053.8300000000004
-1989.74
-1989.7800000000002
-1927.28
-1927.3200000000002
-2116.38
-2116.42
-2160.7900000000004
-2160.830000000001
-2059.2000000000003
-2059.24
-1977.2800000000002
-1977.3200000000002
-2001.3500000000004
-2001.3900000000003
-2087.4100000000003
-2087.4500000000003
-2089.53
-2089.57
-2013.6600000000003
-2013.7000000000003
-2111.8300000000004
-2111.8600000000006
-2032.7800000000002
-2032.8200000000002
-2069.34
-2069.38
-2002.0400000000002
-2002.0800000000004
-2027.4300000000003
-2027.4700000000003
-2110.53
-2110.5700000000006
-2069.1600000000003
-2069.1900000000005
-2133.9600000000005
-2134.0000000000005
-2015.9100000000003
-2015.9400000000003
-2071.7800000000007
-2071.82
-2032.0000000000002
-2032.0400000000002
-2095.7000000000003
-2095.7400000000002
-2100.11
-2100.15
-1991.1200000000003
-1991.1600000000003
-2022.7000000000003
-2022.7400000000002
-2081.2100000000005
-2081.25
-2026.04
-2026.0800000000002
-2084.3
-2084.34
-2067.8100000000004
-2067.8500000000004
-2043.0100000000002
-2043.0500000000002
-2132.9700000000003
-2133.01
-2005.0700000000002
-2005.1100000000001
-2067.76
-2067.8
-2107.7300000000005
-2107.7700000000004
-2143.3500000000004
-2143.3900000000003
-2043.4
-2043.4400000000003
-2101.0700000000006
-2101.11
-2133.04
-2133.08
-2136.2200000000003
-2136.26
-2042.3200000000002
-2042.3600000000006
-2054.25
-2054.29
-2095.09
-2095.13
-2013.16
-2013.2000000000003
-2115.5
-2115.54
-2064.9900000000002
-2065.03
-2093.6800000000003
-2093.7200000000003
-2060.8700000000003
-2060.91
-2061.21
-2061.24
-2004.2300000000002
-2004.2700000000002
-2002.1800000000003
-2002.22
-1990.23
-1990.2700000000002
-2174.1400000000003
-2174.17
-2029.3400000000001
-2029.38
-2027.08
-2027.1200000000001
-2000.68
-2000.7200000000003
-2114.34
-2114.38
-2046.69
-2046.7300000000002
-2024.91
-2024.9400000000003
-2093.67
-2093.7100000000005
-2118.2400000000002
-2118.28
-2005.69
-2005.7300000000002
-2018.9700000000003
-2019.0100000000002
-2046.65
-2046.6900000000003
-2081.8500000000004
-2081.8900000000003
-2111.3500000000004
-2111.3900000000003
-2068.2
-2068.2400000000002
-2043.0200000000002
-2043.0600000000002
-2087.8900000000003
-2087.92
-2025.7000000000003
-2025.7300000000002
-2004.8000000000002
-2004.8400000000001
-2145.4800000000005
-2145.5200000000004
-2157.9700000000003
-2158.01
-2181.75
-2181.79
-2160.6200000000003
-2160.6600000000003
-2086.7700000000004
-2086.81
-2073.44
-2073.48
-2042.8400000000001
-2042.8800000000006
-2072.4800000000005
-2072.5200000000004
-2022.8100000000002
-2022.8500000000004
-2067.8700000000003
-2067.9100000000003
-2081.6400000000003
-2081.6800000000003
-2110.7700000000004
-2110.8100000000004
-2119.37
-2119.4100000000003
-2074.5500000000006
-2074.59
-2084.09
-2084.13
-2073.8300000000004
-2073.8700000000003
-2118.2
-2118.2400000000007
-2150.17
-2150.21
-2008.2700000000004
-2008.31
-2139.51
-2139.55
-2040.92
-2040.9600000000003
-1968.8100000000002
-1968.8500000000004
-2096.4100000000003
-2096.4500000000003
-2119.6400000000003
-2119.6800000000003
-2014.5600000000002
-2014.5900000000001
-2038.4000000000005
-2038.4400000000003
-2065.69
-2065.7300000000005
-1975.42
-1975.4600000000003
-2053.0600000000004
-2053.1000000000004
-2067.3900000000003
-2067.4300000000003
-2054.76
-2054.8
-2079.1200000000003
-2079.16
-2067.0000000000005
-2067.04
-2109.02
-2109.0600000000004
-2124.2700000000004
-2124.3100000000004
-2113.09
-2113.13
-2095.2
-2095.2400000000002
-2125.8500000000004
-2125.8900000000003
-2074.63
-2074.67
-2009.5000000000002
-2009.5400000000002
-2029.8700000000001
-2029.9100000000003
-2115.09
-2115.13
-2107.33
-2107.37
-2052.96
-2053.0
-2054.6000000000004
-2054.6400000000003
-2111.25
-2111.29
-2119.9200000000005
-2119.96
-2093.53
-2093.57
-2157.9400000000005
-2157.98
-2093.9900000000002
-2094.03
-2110.65
-2110.69
-2119.73
-2119.77
-2132.04
-2132.08
-2113.9500000000003
-2113.9900000000002
-2037.7400000000002
-2037.7800000000002
-2167.2200000000003
-2167.26
-2040.1900000000003
-2040.2300000000002
-2130.29
-2130.33
-2141.17
-2141.21
-2120.36
-2120.4
-2106.33
-2106.3700000000003
-2056.1000000000004
-2056.1400000000003
-2111.13
-2111.17
-2093.1000000000004
-2093.13
-2016.6600000000003
-2016.7000000000003
-2085.29
-2085.3300000000004
-2151.0800000000004
-2151.1200000000003
-2158.26
-2158.3
-2075.11
-2075.15
-2142.1200000000003
-2142.1600000000003
-2176.46
-2176.5
-2156.7500000000005
-2156.7900000000004
-2012.77
-2012.8000000000002
-2090.07
-2090.11
-2087.07
-2087.1100000000006
-2073.8400000000006
-2073.88
-2107.87
-2107.91
-2075.4100000000003
-2075.4500000000003
-2093.67
-2093.7000000000003
-2052.38
-2052.42
-2053.69
-2053.7300000000005
-2161.8500000000004
-2161.8900000000003
-2132.4700000000003
-2132.51
-2202.0600000000004
-2202.1000000000004
-2116.17
-2116.2000000000003
-2033.1800000000003
-2033.22
-1962.69
-1962.7300000000002
-2069.59
-2069.63
-2022.0900000000004
-2022.13
-2018.0200000000004
-2018.0600000000002
-1987.64
-1987.6800000000003
-2165.3300000000004
-2165.3700000000003
-2047.44
-2047.4800000000002
-2076.8500000000004
-2076.8900000000003
-2054.82
-2054.86
-2089.28
-2089.32
-2014.63
-2014.67
-2093.67
-2093.7100000000005
-2057.67
-2057.71
-2095.3900000000003
-2095.4300000000003
-2113.4000000000005
-2113.4400000000005
-2007.5700000000004
-2007.6100000000004
-2051.1600000000003
-2051.2000000000003
-2102.83
-2102.8700000000003
-2098.7400000000002
-2098.78
-2041.7700000000002
-2041.81
-2044.5400000000002
-2044.5800000000002
-2032.7700000000004
-2032.8100000000004
-2095.33
-2095.3700000000003
-2064.46
-2064.5
-2179.5700000000006
-2179.6100000000006
-1987.5900000000001
-1987.63
-2161.4900000000002
-2161.53
-2126.9400000000005
-2126.9800000000005
-2066.2400000000002
-2066.2700000000004
-2071.8800000000006
-2071.92
-2057.7200000000003
-2057.76
-2060.0400000000004
-2060.0800000000004
-1932.3700000000001
-1932.41
-2119.6500000000005
-2119.6900000000005
-2054.3500000000004
-2054.3900000000003
-2067.7000000000003
-2067.7400000000007
-2095.3
-2095.34
-2155.44
-2155.4700000000003
-2114.3300000000004
-2114.37
-2057.2200000000003
-2057.26
-2063.1000000000004
-2063.1400000000003
-2191.4500000000003
-2191.4900000000002
-2048.94
-2048.98
-2073.65
-2073.6900000000005
-1950.38
-1950.4200000000003
-2116.8
-2116.84
-2064.0699999999997
-2064.11
-2143.0200000000004
-2143.0600000000004
-2061.9700000000003
-2062.0
-2049.4700000000003
-2049.51
-1982.7300000000002
-1982.7700000000004
-2096.3500000000004
-2096.39
-2141.9000000000005
-2141.9400000000005
-2071.83
-2071.8700000000003
-2065.2200000000003
-2065.26
-2077.5200000000004
-2077.5600000000004
-2089.59
-2089.63
-2074.67
-2074.71
-2057.33
-2057.3700000000003
-2126.1600000000008
-2126.2000000000007
-2125.42
-2125.46
-2025.3400000000001
-2025.3800000000003
-2088.0200000000004
-2088.05
-2105.5200000000004
-2105.5600000000004
-2047.1900000000003
-2047.23
-2109.95
-2109.9900000000007
-2039.0800000000004
-2039.1200000000001
-2025.8400000000001
-2025.88
-2126.3
-2126.34
-2138.13
-2138.17
-2158.32
-2158.36
-2065.84
-2065.88
-2240.8900000000003
-2240.9300000000003
-2116.58
-2116.62
-2174.59
-2174.63
-2136.2500000000005
-2136.29
-2123.9000000000005
-2123.9400000000005
-2077.9100000000003
-2077.9500000000003
-2040.5000000000002
-2040.5300000000002
-2107.3500000000004
-2107.3900000000003
-2042.9
-2042.94
-2176.88
-2176.9100000000003
-2128.8900000000003
-2128.9300000000003
-2098.0400000000004
-2098.08
-2179.76
-2179.8
-2154.6000000000004
-2154.6400000000003
-2072.03
-2072.07
-2137.59
-2137.63
-2123.2000000000003
-2123.2400000000002
-2130.7700000000004
-2130.8100000000004
-2232.0800000000004
-2232.12
-2123.25
-2123.29
-2043.49
-2043.5300000000002
-2106.9700000000003
-2107.01
-2065.4800000000005
-2065.5200000000004
-2068.6800000000003
-2068.71
-1996.1100000000001
-1996.1500000000003
-2104.43
-2104.4700000000003
-2061.8
-2061.8300000000004
-2069.59
-2069.63
-2070.29
-2070.33
-2100.0200000000004
-2100.0600000000004
-2114.59
-2114.63
-2043.4900000000002
-2043.5300000000002
-2163.7400000000002
-2163.78
-2135.0800000000004
-2135.1200000000003
-2099.7200000000003
-2099.76
-2110.3200000000006
-2110.36
-2111.4100000000003
-2111.4500000000003
-2088.61
-2088.6500000000005
-2138.75
-2138.7900000000004
-2139.9300000000003
-2139.9700000000003
-2216.7700000000004
-2216.8100000000004
-2068.96
-2069.0
-2033.7900000000002
-2033.8300000000004
-2163.2000000000003
-2163.2400000000002
-2164.1200000000003
-2164.1600000000003
-2205.71
-2205.7500000000005
-2076.2500000000005
-2076.29
-2166.5300000000007
-2166.5700000000006
-2171.8200000000006
-2171.86
-2100.7400000000002
-2100.78
-2152.4900000000002
-2152.53
-2237.120000000001
-2237.1600000000008
-2195.9400000000005
-2195.9800000000005
-2067.59
-2067.63
-2120.3900000000003
-2120.4300000000003
-2180.53
-2180.57
-2047.2100000000005
-2047.2500000000005
-2097.01
-2097.05
-2154.5
-2154.54
-2179.6200000000003
-2179.6600000000003
-2165.44
-2165.4800000000005
-2127.1800000000003
-2127.21
-2037.0800000000004
-2037.1100000000006
-2098.48
-2098.5200000000004
-2086.5
-2086.54
-2096.7300000000005
-2096.7700000000004
-2094.3700000000003
-2094.4100000000003
-2017.5900000000001
-2017.63
-2127.35
-2127.3900000000003
-2148.3600000000006
-2148.4000000000005
-2111.4500000000003
-2111.4800000000005
-2220.26
-2220.3
-2194.7500000000005
-2194.7900000000004
-2059.7700000000004
-2059.8100000000004
-2033.6000000000001
-2033.64
-2054.59
-2054.63
-2155.4000000000005
-2155.4400000000005
-2162.2
-2162.2400000000002
-2065.08
-2065.1200000000003
-2157.01
-2157.05
-2147.9100000000008
-2147.9500000000003
-2130.8300000000004
-2130.8700000000003
-2083.4600000000005
-2083.5000000000005
-2091.59
-2091.63
-2141.8600000000006
-2141.9000000000005
-2141.5600000000004
-2141.6000000000004
-2173.84
-2173.88
-2096.62
-2096.6600000000003
-2099.9300000000003
-2099.9700000000003
-2075.8100000000004
-2075.8500000000004
-2068.7700000000004
-2068.8100000000004
-2102.13
-2102.17
-2129.41
-2129.4500000000003
-2180.25
-2180.28
-2126.9100000000003
-2126.9500000000003
-2127.76
-2127.8
-2088.7700000000004
-2088.81
-2096.0
-2096.04
-2048.4900000000002
-2048.5299999999997
-2151.9700000000003
-2152.01
-2114.2200000000003
-2114.26
-2152.7800000000007
-2152.82
-2070.05
-2070.0800000000004
-2107.71
-2107.75
-2138.91
-2138.95
-2206.7300000000005
-2206.7700000000004
-2108.9500000000003
-2108.9900000000002
-2130.2700000000004
-2130.3100000000004
-2125.1700000000005
-2125.21
-2074.6000000000004
-2074.6400000000003
-2147.0200000000004
-2147.0600000000004
-2084.83
-2084.87
-2139.33
-2139.3700000000003
-2112.0400000000004
-2112.0800000000004
-1959.3000000000002
-1959.3400000000001
-2065.4100000000003
-2065.4500000000003
-2104.9500000000003
-2104.9900000000002
-2058.7400000000002
-2058.78
-2110.84
-2110.88
-2032.15
-2032.19
-2025.67
-2025.7000000000003
-2117.21
-2117.25
-2148.1000000000004
-2148.14
-2023.8800000000003
-2023.92
-2045.0500000000002
-2045.0900000000001
-2134.4500000000003
-2134.4800000000005
-2218.42
-2218.46
-2173.29
-2173.32
-2225.3
-2225.33
-2092.7700000000004
-2092.8100000000004
-2014.95
-2014.9900000000002
-2084.9500000000007
-2084.9900000000002
-2122.9700000000003
-2123.01
-2063.0
-2063.0400000000004
-2135.34
-2135.38
-2187.9100000000003
-2187.9500000000003
-2062.19
-2062.2300000000005
-2076.9500000000003
-2076.9900000000002
-2141.63
-2141.66
-2116.3
-2116.34
-2090.3100000000004
-2090.34
-2096.7300000000005
-2096.77
-2156.2400000000002
-2156.28
-2066.44
-2066.4800000000005
-2007.2300000000002
-2007.27
-2061.9000000000005
-2061.9400000000005
-2189.3100000000004
-2189.3500000000004
-2146.1500000000005
-2146.1900000000005
-2141.21
-2141.2400000000002
-2155.0600000000004
-2155.1000000000004
-2106.6000000000004
-2106.6400000000003
-2131.4400000000005
-2131.4800000000005
-2132.4000000000005
-2132.4400000000005
-2001.8300000000004
-2001.8700000000003
-2173.09
-2173.13
-2093.87
-2093.9100000000003
-2083.6400000000003
-2083.6800000000003
-2094.88
-2094.92
-2121.4400000000005
-2121.4800000000005
-2105.2400000000002
-2105.2700000000004
-2106.4000000000005
-2106.44
-2127.0800000000004
-2127.1200000000003
-2165.9700000000003
-2166.01
-2098.9900000000002
-2099.0299999999997
-2148.66
-2148.7
-2165.37
-2165.4100000000003
-2135.86
-2135.9
-1970.64
-1970.68
-2058.6200000000003
-2058.66
-2041.6100000000001
-2041.6500000000003
-2022.2200000000003
-2022.2600000000002
-2098.5600000000004
-2098.6000000000004
-2170.6600000000008
-2170.7000000000003
-2046.0700000000002
-2046.1100000000001
-2048.13
-2048.17
-1982.0600000000002
-1982.1000000000001
-2200.67
-2200.71
-2054.2300000000005
-2054.2700000000004
-2207.34
-2207.3800000000006
-2144.2700000000004
-2144.3100000000004
-2070.5400000000004
-2070.58
-2100.86
-2100.9000000000005
-2113.4
-2113.44
-2198.5600000000004
-2198.6000000000004
-2145.4700000000003
-2145.51
-2111.09
-2111.1200000000003
-2149.63
-2149.67
-2082.67
-2082.71
-2051.51
-2051.55
-2141.15
-2141.19
-2177.9800000000005
-2178.0200000000004
-2163.9500000000007
-2163.9900000000002
-2094.7000000000003
-2094.7400000000002
-2113.8600000000006
-2113.9000000000005
-2126.4100000000003
-2126.4500000000003
-2197.2900000000004
-2197.33
-2082.69
-2082.7300000000005
-2106.32
-2106.36
-2086.4800000000005
-2086.52
-2091.9800000000005
-2092.0200000000004
-2116.55
-2116.59
-2132.65
-2132.6900000000005
-2088.88
-2088.92
-2097.79
-2097.8300000000004
-2158.42
-2158.46
-2164.29
-2164.33
-2144.05
-2144.09
-2135.0600000000004
-2135.1000000000004
-2197.3700000000003
-2197.4100000000008
-2092.7000000000003
-2092.74
-2124.2700000000004
-2124.3100000000004
-2143.7000000000007
-2143.7300000000005
-2148.8500000000004
-2148.8900000000003
-2145.6000000000004
-2145.6400000000003
-2156.6500000000005
-2156.6900000000005
-2105.26
-2105.29
-2064.4500000000003
-2064.4900000000002
-2155.3600000000006
-2155.3900000000003
-2123.33
-2123.3700000000003
-2141.8
-2141.84
-2135.9900000000002
-2136.0300000000007
-2054.01
-2054.05
-2144.0600000000004
-2144.1000000000004
-2152.58
-2152.62
-2123.1900000000005
-2123.2200000000003
-2137.83
-2137.87
-2184.54
-2184.58
-2109.67
-2109.71
-2229.1900000000005
-2229.2300000000005
-2134.2200000000003
-2134.25
-2154.8100000000004
-2154.8500000000004
-2170.75
-2170.7900000000004
-2099.54
-2099.5800000000004
-2062.6500000000005
-2062.6800000000003
-2158.75
-2158.79
-1999.39
-1999.4300000000003
-2154.7300000000005
-2154.76
-2135.09
-2135.13
-2090.0600000000004
-2090.1000000000004
-2079.8100000000004
-2079.85
-2092.53
-2092.57
-2082.54
-2082.58
-2164.08
-2164.12
-2100.17
-2100.21
-2097.3300000000004
-2097.3700000000003
-2171.5
-2171.53
-2066.79
-2066.82
-1983.5800000000004
-1983.6200000000003
-2116.46
-2116.5
-2014.7300000000002
-2014.77
-1983.2900000000002
-1983.3200000000002
-2119.6900000000005
-2119.7300000000005
-2140.76
-2140.79
-2065.9900000000002
-2066.03
-2066.14
-2066.1800000000003
-2172.6900000000005
-2172.7300000000005
-2123.2200000000003
-2123.26
-2105.51
-2105.55
-2135.8100000000004
-2135.8500000000004
-2087.3
-2087.33
-2173.86
-2173.9
-2121.8500000000004
-2121.8900000000003
-2094.1
-2094.13
-2277.1900000000005
-2277.2200000000003
-1994.9800000000002
-1995.0200000000002
-2076.8
-2076.84
-2226.7100000000005
-2226.7400000000007
-2196.7800000000007
-2196.8200000000006
-2094.2000000000003
-2094.2400000000007
-2093.2400000000002
-2093.28
-2109.5699999999997
-2109.61
-2168.44
-2168.4800000000005
-2091.8900000000003
-2091.9300000000003
-2141.46
-2141.5
-2131.8600000000006
-2131.9000000000005
-2069.6000000000004
-2069.6400000000003
-2113.12
-2113.1600000000003
-2081.1900000000005
-2081.2300000000005
-2153.3900000000003
-2153.42
-2184.2300000000005
-2184.2700000000004
-2071.57
-2071.61
-2153.08
-2153.1200000000003
-2113.9900000000002
-2114.03
-2133.2000000000003
-2133.2400000000002
-2126.4700000000003
-2126.51
-2160.26
-2160.3
-2072.76
-2072.8
-2162.01
-2162.05
-2066.71
-2066.75
-2051.75
-2051.7900000000004
-2125.1100000000006
-2125.15
-2147.75
-2147.78
-2079.76
-2079.8
-2058.4700000000003
-2058.51
-2183.8700000000003
-2183.91
-2135.3
-2135.34
-2088.21
-2088.25
-2152.83
-2152.87
-2194.4700000000003
-2194.51
-2172.4500000000003
-2172.4900000000002
-2162.9900000000002
-2163.0299999999997
-2076.87
-2076.91
-2122.56
-2122.6000000000004
-2151.76
-2151.8
-2016.4
-2016.44
-2130.4900000000007
-2130.53
-2173.7500000000005
-2173.79
-2120.1800000000003
-2120.2200000000003
-2135.0600000000004
-2135.1000000000004
-2128.8
-2128.84
-2099.2000000000003
-2099.2400000000002
-2154.6400000000003
-2154.6800000000003
-2123.2400000000007
-2123.28
-2155.5300000000007
-2155.5700000000006
-2070.6500000000005
-2070.69
-2122.54
-2122.58
-2052.8900000000003
-2052.9300000000003
-2108.0200000000004
-2108.0600000000004
-2127.51
-2127.55
-2143.4900000000007
-2143.53
-2161.6000000000004
-2161.6400000000003
-2281.17
-2281.21
-2181.1000000000004
-2181.1400000000003
-2137.59
-2137.63
-2104.7300000000005
-2104.7700000000004
-2212.7900000000004
-2212.8300000000004
-2211.0400000000004
-2211.0800000000004
-2173.4900000000007
-2173.53
-2081.28
-2081.32
-2030.4800000000002
-2030.5200000000002
-2217.67
-2217.71
-2052.0
-2052.0400000000004
-2131.09
-2131.13
-2075.5800000000004
-2075.62
-2091.1400000000003
-2091.1800000000003
-2073.2400000000007
-2073.28
-2117.04
-2117.08
-2099.46
-2099.5
-2193.59
-2193.63
-2140.6900000000005
-2140.7300000000005
-2070.5
-2070.54
-2235.3900000000003
-2235.4300000000003
-2036.2700000000004
-2036.3100000000004
-2070.3
-2070.34
-2088.7000000000003
-2088.7400000000002
-2055.1400000000003
-2055.1800000000003
-1979.8700000000003
-1979.9100000000003
-2081.84
-2081.88
-2129.42
-2129.4600000000005
-2016.6200000000003
-2016.66
-2172.8600000000006
-2172.9000000000005
-2100.3100000000004
-2100.3500000000004
-2062.67
-2062.71
-2141.62
-2141.66
-2092.1600000000003
-2092.2000000000003
-2091.42
-2091.46
-2094.6000000000004
-2094.6400000000003
-2126.8600000000006
-2126.9000000000005
-2173.1500000000005
-2173.1900000000005
-2033.2800000000004
-2033.3200000000002
-2082.84
-2082.88
-2090.9400000000005
-2090.9800000000005
-2081.7200000000003
-2081.76
-2112.13
-2112.17
-2108.1800000000003
-2108.2200000000003
-2075.74
-2075.78
-2105.96
-2106.0
-2084.32
-2084.36
-2110.0700000000006
-2110.1100000000006
-2112.52
-2112.56
-2082.2900000000004
-2082.33
-2098.69
-2098.7300000000005
-2097.4400000000005
-2097.4800000000005
-2100.21
-2100.25
-1998.1400000000003
-1998.1800000000003
-2022.9900000000002
-2023.0300000000002
-1986.8700000000003
-1986.9100000000003
-2063.9500000000003
-2063.9900000000002
-2108.1700000000005
-2108.2100000000005
-2080.9800000000005
-2081.0200000000004
-2004.0800000000002
-2004.1200000000001
-2135.24
-2135.28
-2057.63
-2057.67
-2089.66
-2089.69
-2108.1800000000003
-2108.2200000000003
-1981.43
-1981.47
-2104.9100000000003
-2104.9500000000003
-2047.8000000000002
-2047.8400000000001
-2088.3
-2088.3400000000006
-2051.04
-2051.0800000000004
-2134.9700000000003
-2135.01
-2131.66
-2131.7
-2097.17
-2097.21
-1965.8600000000001
-1965.9
-2143.84
-2143.88
-2081.8100000000004
-2081.8500000000004
-2011.6800000000003
-2011.72
-2034.6000000000001
-2034.6400000000003
-2113.1600000000003
-2113.2
-2105.65
-2105.6900000000005
-2182.7700000000004
-2182.8100000000004
-2093.5800000000004
-2093.6200000000003
-2037.0300000000004
-2037.0600000000002
-2043.6500000000003
-2043.6900000000003
-2090.17
-2090.2100000000005
-2072.4800000000005
-2072.5200000000004
-2112.55
-2112.5800000000004
-2094.54
-2094.58
-2053.37
-2053.4100000000003
-2101.46
-2101.5000000000005
-2153.0
-2153.03
-2159.2300000000005
-2159.26
-2025.0900000000001
-2025.1300000000003
-2133.19
-2133.2300000000005
-2016.5900000000004
-2016.63
-2072.86
-2072.9
-2072.49
-2072.5200000000004
-2165.7800000000007
-2165.8200000000006
-2108.2300000000005
-2108.27
-2102.6200000000003
-2102.66
-2067.6800000000003
-2067.7200000000003
-2027.0800000000004
-2027.1200000000003
-2081.59
-2081.63
-2175.9800000000005
-2176.0200000000004
-2163.1100000000006
-2163.1500000000005
-2090.4300000000003
-2090.4700000000003
-2085.9300000000003
-2085.9700000000003
-2081.5300000000007
-2081.5700000000006
-2156.84
-2156.88
-2117.9500000000003
-2117.9900000000002
-2079.96
-2080.0
-2072.42
-2072.46
-2003.0700000000002
-2003.1100000000001
-2079.67
-2079.7100000000005
-2010.7900000000002
-2010.8200000000002
-2049.71
-2049.75
-2165.6400000000003
-2165.6800000000003
-2109.48
-2109.52
-2093.13
-2093.1700000000005
-2059.4900000000002
-2059.53
-2092.7400000000002
-2092.78
-2145.95
-2145.9900000000002
-2052.15
-2052.1900000000005
-2152.61
-2152.6500000000005
-2113.1200000000003
-2113.1600000000003
-2079.26
-2079.3
-2184.8100000000004
-2184.8500000000004
-2145.1800000000003
-2145.2200000000003
-1964.5500000000004
-1964.5900000000001
-2103.6400000000003
-2103.6800000000003
-2106.03
-2106.0700000000006
-2125.42
-2125.46
-2055.74
-2055.78
-1916.64
-1916.67
-2135.8500000000004
-2135.8900000000003
-2103.01
-2103.05
-2081.57
-2081.61
-2102.83
-2102.87
-2166.4700000000003
-2166.51
-2064.38
-2064.42
-2048.7700000000004
-2048.8100000000004
-2083.75
-2083.79
-2047.0100000000002
-2047.0500000000002
-2013.0600000000002
-2013.1000000000001
-2004.4100000000003
-2004.4500000000003
-2014.1100000000004
-2014.14
-2203.09
-2203.13
-2094.19
-2094.2300000000005
-2164.55
-2164.59
-2067.51
-2067.55
-2104.9700000000003
-2105.01
-2022.2300000000002
-2022.27
-2074.8900000000003
-2074.9300000000003
-2080.3
-2080.34
-2119.1500000000005
-2119.1900000000005
-2144.4400000000005
-2144.4700000000003
-2185.79
-2185.8200000000006
-2080.4500000000003
-2080.4900000000007
-2043.5600000000002
-2043.6000000000001
-2048.9800000000005
-2049.0200000000004
-2123.3100000000004
-2123.3500000000004
-2110.2
-2110.2400000000002
-2077.9900000000002
-2078.03
-2144.3300000000004
-2144.3700000000003
-2168.8100000000004
-2168.8500000000004
-2035.0500000000002
-2035.0900000000004
-2044.4500000000003
-2044.4900000000002
-2188.27
-2188.3100000000004
-2154.7000000000003
-2154.74
-2057.79
-2057.83
-2128.59
-2128.63
-2065.2500000000005
-2065.28
-2036.8200000000002
-2036.8500000000001
-2105.6400000000003
-2105.6800000000003
-2088.3600000000006
-2088.4000000000005
-2064.37
-2064.4100000000003
-2044.9400000000003
-2044.9800000000002
-2003.9500000000003
-2003.9800000000002
-2091.19
-2091.2300000000005
-2159.0600000000004
-2159.1000000000004
-2037.8900000000003
-2037.9200000000003
-2092.9500000000003
-2092.9900000000002
-2066.2300000000005
-2066.26
-2057.88
-2057.92
-2080.29
-2080.33
-2144.84
-2144.88
-2043.98
-2044.0200000000002
-2156.51
-2156.55
-2086.9400000000005
-2086.98
-2040.9500000000003
-2040.9900000000002
-2094.8500000000004
-2094.8900000000003
-2106.0299999999997
-2106.07
-2234.7900000000004
-2234.8300000000004
-2107.6800000000003
-2107.7200000000003
-2064.51
-2064.55
-2077.26
-2077.3
-1985.2400000000002
-1985.2800000000002
-2132.9800000000005
-2133.0200000000004
-2079.8700000000003
-2079.9100000000003
-2059.09
-2059.13
-2018.7400000000002
-2018.7800000000002
-1932.4100000000003
-1932.45
-2063.2900000000004
-2063.33
-2063.09
-2063.12
-2141.5400000000004
-2141.5800000000004
-2062.25
-2062.29
-2068.5600000000004
-2068.6000000000004
-2090.3900000000003
-2090.4300000000003
-2074.5
-2074.5400000000004
-2049.02
-2049.0600000000004
-2064.05
-2064.09
-2096.88
-2096.9100000000003
-2021.13
-2021.1700000000003
-2123.0
-2123.04
-2122.1400000000003
-2122.1800000000003
-2029.64
-2029.6800000000003
-2116.4900000000002
-2116.5200000000004
-2081.8500000000004
-2081.8900000000003
-2063.9300000000003
-2063.9700000000003
-2067.82
-2067.8600000000006
-2008.46
-2008.5000000000005
-2047.1600000000003
-2047.2000000000003
-2108.1600000000003
-2108.2000000000003
-2087.12
-2087.16
-2114.2300000000005
-2114.27
-2069.86
-2069.9000000000005
-1995.15
-1995.1900000000003
-2045.2200000000003
-2045.2600000000002
-2046.05
-2046.0900000000001
-2107.3
-2107.34
-2026.78
-2026.8200000000002
-1993.1100000000001
-1993.15
-2059.3
-2059.34
-2094.83
-2094.87
-2089.05
-2089.09
-2052.86
-2052.9
-2069.75
-2069.79
-2089.26
-2089.3
-2104.98
-2105.02
-2022.1000000000001
-2022.1400000000003
-2004.3700000000001
-2004.4100000000003
-2028.6200000000003
-2028.65
-2004.77
-2004.8100000000004
-2011.3900000000003
-2011.4300000000003
-2079.2300000000005
-2079.2700000000004
-2077.28
-2077.32
-2110.4500000000003
-2110.4900000000002
-2044.5700000000002
-2044.6100000000004
-2035.33
-2035.3700000000003
-1986.0600000000002
-1986.1
-2080.61
-2080.65
-2166.1700000000005
-2166.21
-2033.6600000000003
-2033.7000000000003
-2065.15
-2065.19
-2016.1000000000001
-2016.1400000000003
-2083.5800000000004
-2083.62
-1985.3200000000002
-1985.3600000000004
-2121.8100000000004
-2121.8500000000004
-2040.1100000000001
-2040.15
-2069.8
-2069.84
-2040.3500000000004
-2040.39
-2053.4500000000003
-2053.4900000000002
-2091.5200000000004
-2091.5600000000004
-2073.5000000000005
-2073.54
-2084.9700000000003
-2085.01
-2031.29
-2031.3300000000002
-2029.96
-2030.0000000000002
-2035.8300000000002
-2035.8700000000003
-2079.8500000000004
-2079.8900000000003
-2083.6400000000003
-2083.6800000000003
-2013.2800000000002
-2013.3200000000002
-2176.96
-2177.0000000000005
-2060.1000000000004
-2060.1400000000003
-1991.0600000000002
-1991.1000000000001
-2021.4
-2021.4400000000003
-2058.1600000000003
-2058.1900000000005
-2005.7900000000004
-2005.8300000000004
-2016.7800000000002
-2016.8200000000002
-2083.6900000000005
-2083.7300000000005
-2081.54
-2081.58
-2065.56
-2065.6000000000004
-2093.7
-2093.74
-2172.3
-2172.34
-2034.4200000000003
-2034.46
-2000.9700000000003
-2001.0000000000002
-1972.0100000000002
-1972.0500000000002
-2139.05
-2139.09
-1928.7400000000002
-1928.7800000000002
-2128.8
-2128.83
-2056.1800000000003
-2056.2200000000003
-2056.32
-2056.3600000000006
-2102.59
-2102.63
-2010.5600000000002
-2010.6000000000004
-2050.4400000000005
-2050.48
-2065.29
-2065.3300000000004
-1941.6000000000001
-1941.6400000000003
-2026.8300000000004
-2026.8700000000003
-2050.7799999999997
-2050.82
-2006.41
-2006.4500000000003
-2029.2800000000002
-2029.3200000000002
-2012.48
-2012.5200000000004
-2173.54
-2173.5800000000004
-2073.4000000000005
-2073.44
-2125.37
-2125.41
-1978.5900000000001
-1978.63
-1960.4900000000002
-1960.5300000000002
-2066.9300000000003
-2066.9700000000003
-2101.4900000000002
-2101.53
-2006.8899999999999
-2006.9300000000003
-1950.8400000000001
-1950.8700000000001
-1895.8700000000003
-1895.91
-1942.7300000000002
-1942.7700000000002
-1967.2400000000002
-1967.2800000000002
-2119.92
-2119.9500000000007
-1981.7600000000002
-1981.8000000000002
-1840.9100000000003
-1840.9500000000003
-2024.1400000000003
-2024.1800000000003
-2105.3900000000003
-2105.42
-1980.4
-1980.44
-2027.18
-2027.2200000000003
-2071.37
-2071.4100000000003
-2139.82
-2139.86
-2057.3300000000004
-2057.3700000000003
-1971.9300000000003
-1971.9700000000003
-2072.96
-2073.0
-1996.88
-1996.92
-1950.79
-1950.8200000000002
-1991.43
-1991.4700000000003
-2040.2900000000002
-2040.3300000000004
-1980.42
-1980.4600000000003
-1999.1900000000003
-1999.2300000000002
-2097.5300000000007
-2097.57
-2072.32
-2072.36
-2062.3100000000004
-2062.3500000000004
-1989.63
-1989.6700000000003
-2055.26
-2055.3
-2021.0700000000002
-2021.1100000000001
-2009.4300000000003
-2009.47
-1965.88
-1965.92
-2048.26
-2048.3
-2025.7700000000002
-2025.81
-2049.4700000000003
-2049.51
-2009.52
-2009.5600000000004
-1969.95
-1969.9900000000002
-2046.43
-2046.4700000000003
-2037.71
-2037.7500000000002
-2013.5900000000001
-2013.63
-2037.8500000000001
-2037.8899999999999
-1996.5200000000004
-1996.5600000000002
-2036.33
-2036.3700000000003
-2051.13
-2051.17
-2025.7700000000002
-2025.8100000000004
-2036.3000000000002
-2036.3400000000001
-1990.65
-1990.6900000000003
-1997.2
-1997.2400000000002
-2140.2700000000004
-2140.3100000000004
-2100.6800000000003
-2100.7200000000003
-2028.63
-2028.6700000000003
-2017.7500000000002
-2017.7900000000002
-2019.6200000000003
-2019.66
-2076.5000000000005
-2076.5400000000004
-2048.9100000000003
-2048.9500000000003
-1995.5
-1995.5400000000004
-2065.77
-2065.81
-2032.1100000000001
-2032.15
-2095.4500000000003
-2095.4900000000002
-2044.0800000000004
-2044.1200000000003
-1834.94
-1834.9800000000002
-1988.7100000000003
-1988.7500000000002
-1952.0700000000002
-1952.11
-1994.2800000000002
-1994.3200000000002
-1939.3700000000001
-1939.41
-1949.19
-1949.23
-1957.3700000000001
-1957.4100000000003
-2035.7500000000002
-2035.7800000000002
-2027.6300000000006
-2027.67
-1970.7000000000003
-1970.7400000000002
-2032.5300000000002
-2032.5600000000004
-2061.6500000000005
-2061.69
-1930.5100000000002
-1930.5500000000002
-2001.94
-2001.9800000000002
-2105.56
-2105.6000000000004
-2026.7800000000002
-2026.8200000000002
-2025.75
-2025.7900000000002
-1989.3900000000003
-1989.4299999999998
-2025.9
-2025.9400000000003
-1914.2300000000002
-1914.2700000000002
-1990.7800000000002
-1990.8200000000002
-2011.06
-2011.1000000000001
-2067.9800000000005
-2068.0200000000004
-2016.0
-2016.0400000000002
-2068.0
-2068.0400000000004
-2003.4500000000003
-2003.4800000000002
-2004.31
-2004.35
-1986.3700000000001
-1986.4100000000003
-2057.3900000000003
-2057.4300000000003
-2075.7800000000007
-2075.8200000000006
-2007.7800000000002
-2007.8200000000002
-2003.79
-2003.83
-2001.9
-2001.94
-2031.94
-2031.97
-2069.44
-2069.4800000000005
-1917.4800000000002
-1917.5200000000004
-2043.46
-2043.5000000000002
-1898.71
-1898.75
-1991.73
-1991.77
-1998.0900000000001
-1998.1300000000003
-2023.3700000000003
-2023.4100000000003
-1956.3300000000004
-1956.37
-1961.9500000000003
-1961.9900000000002
-1947.13
-1947.17
-1995.0600000000002
-1995.1
-2012.9700000000003
-2013.0100000000002
-2011.3000000000002
-2011.3400000000006
-1989.5700000000002
-1989.6100000000001
-1965.2200000000003
-1965.2600000000002
-2053.76
-2053.8
-1975.13
-1975.17
-1988.66
-1988.7000000000003
-2131.7
-2131.7300000000005
-1983.18
-1983.2200000000003
-2014.0600000000002
-2014.1000000000001
-2024.41
-2024.4500000000003
-1968.67
-1968.71
-2013.8000000000002
-2013.8400000000001
-2013.52
-2013.5600000000002
-1895.1100000000004
-1895.15
-1929.0600000000004
-1929.1000000000004
-2052.5
-2052.5400000000004
-2024.0700000000002
-2024.1100000000001
-1932.92
-1932.96
-2000.0200000000004
-2000.0600000000002
-2031.74
-2031.7800000000002
-2067.8900000000003
-2067.92
-1901.02
-1901.0600000000002
-1975.8300000000002
-1975.8700000000003
-2010.5800000000004
-2010.6200000000003
-1962.9300000000003
-1962.9700000000003
-2029.0900000000001
-2029.13
-2022.8700000000003
-2022.91
-1992.69
-1992.7300000000002
-2037.15
-2037.1900000000003
-2000.8200000000002
-2000.8600000000004
-2097.98
-2098.0200000000004
-1970.2500000000002
-1970.2900000000002
-1984.22
-1984.2600000000002
-2021.5900000000001
-2021.63
-2031.4300000000003
-2031.4700000000003
-1992.04
-1992.0800000000002
-1959.74
-1959.7800000000002
-2009.7300000000002
-2009.7700000000004
-1883.43
-1883.47
-1938.4300000000003
-1938.4700000000003
-2003.1600000000003
-2003.2000000000003
-1994.88
-1994.92
-2009.8600000000001
-2009.9
-2055.73
-2055.7700000000004
-2156.1000000000004
-2156.1400000000003
-1930.3200000000002
-1930.3600000000001
-1980.5500000000002
-1980.5900000000001
-1996.97
-1997.0100000000002
-1938.3500000000004
-1938.39
-1995.1700000000005
-1995.2
-2058.21
-2058.25
-2019.35
-2019.39
-2011.0700000000002
-2011.1100000000001
-2041.6100000000001
-2041.6500000000003
-2056.29
-2056.3300000000004
-2086.2500000000005
-2086.29
-1977.9800000000002
-1978.0200000000002
-2053.3700000000003
-2053.4100000000003
-1940.2000000000003
-1940.24
-2089.46
-2089.5
-2026.19
-2026.23
-2016.9600000000003
-2017.0000000000002
-1974.5800000000002
-1974.6200000000003
-2044.46
-2044.5
-1950.0700000000002
-1950.1100000000001
-2039.3000000000002
-2039.3400000000001
-1963.0300000000002
-1963.0600000000002
-2006.5800000000002
-2006.6200000000001
-2037.8700000000003
-2037.9100000000003
-1972.92
-1972.95
-1961.44
-1961.48
-2075.4500000000003
-2075.49
-1997.8900000000003
-1997.92
-1946.8600000000001
-1946.9
-2002.69
-2002.7300000000002
-2047.8300000000004
-2047.8700000000001
-1937.8600000000001
-1937.9
-1992.3300000000002
-1992.3600000000001
-2054.8900000000003
-2054.9300000000003
-1992.8700000000003
-1992.9100000000003
-1969.3100000000002
-1969.3500000000004
-1975.7800000000002
-1975.8200000000002
-2040.6
-2040.64
-1832.7800000000002
-1832.8200000000002
-1948.6800000000003
-1948.7200000000003
-1958.63
-1958.67
-2031.43
-2031.47
-1927.8100000000004
-1927.8500000000001
-1922.0100000000002
-1922.04
-2031.4800000000005
-2031.5100000000002
-2015.1000000000001
-2015.1400000000003
-1920.4300000000003
-1920.4700000000003
-1981.45
-1981.48
-2031.5700000000002
-2031.6100000000001
-2063.55
-2063.59
-1964.3700000000001
-1964.4100000000003
-2048.9300000000003
-2048.9700000000003
-2006.13
-2006.17
-1961.0800000000004
-1961.1200000000001
-2029.8300000000004
-2029.8700000000003
-2093.84
-2093.88
-2101.42
-2101.4600000000005
-2116.29
-2116.3300000000004
-2000.4400000000003
-2000.4800000000002
-2019.17
-2019.21
-2009.65
-2009.69
-2138.4900000000002
-2138.53
-1974.4300000000003
-1974.4700000000003
-1944.6000000000001
-1944.6400000000003
-2048.1100000000006
-2048.1500000000005
-1918.3400000000001
-1918.38
-1953.2
-1953.2400000000002
-1915.9600000000003
-1916.0
-2010.6400000000003
-2010.6800000000003
-1922.5
-1922.5400000000002
-1925.2100000000003
-1925.2500000000002
-2053.9000000000005
-2053.9400000000005
-1958.4500000000003
-1958.48
-1901.42
-1901.46
-1990.25
-1990.29
-1925.9900000000002
-1926.0300000000002
-2016.3900000000003
-2016.4300000000003
-1999.17
-1999.2100000000003
-2058.4500000000003
-2058.4900000000007
-2090.5600000000004
-2090.6000000000004
-1935.8200000000002
-1935.8600000000001
-1997.8400000000001
-1997.88
-1956.6900000000005
-1956.73
-1990.3600000000001
-1990.4
-1925.2400000000002
-1925.2800000000002
-1986.0600000000002
-1986.1000000000001
-1935.2600000000002
-1935.3000000000002
-1952.63
-1952.66
-2017.0800000000002
-2017.1200000000003
-1883.3900000000003
-1883.4300000000003
-2007.0200000000002
-2007.0600000000004
-2021.8200000000002
-2021.8600000000001
-2062.8
-2062.84
-1993.4900000000002
-1993.5300000000002
-2016.4200000000003
-2016.4600000000003
-1974.73
-1974.7700000000002
-1880.6800000000003
-1880.7200000000003
-1910.7200000000003
-1910.76
-1993.1000000000001
-1993.1400000000003
-1885.9600000000003
-1886.0000000000002
-1961.4300000000003
-1961.4700000000003
-1999.6700000000003
-1999.7100000000003
-2021.2500000000005
-2021.2900000000002
-2065.79
-2065.83
-2004.56
-2004.5900000000001
-1998.69
-1998.7300000000002
-1882.91
-1882.95
-2019.7500000000002
-2019.79
-2035.13
-2035.1700000000005
-1979.5400000000004
-1979.58
-1927.7000000000003
-1927.7400000000002
-2001.0800000000002
-2001.1200000000003
-1976.42
-1976.46
-2015.31
-2015.3500000000001
-1971.73
-1971.7700000000002
-1938.7200000000003
-1938.7600000000002
-2018.7500000000002
-2018.7900000000002
-1887.5800000000002
-1887.6200000000003
-2078.5700000000006
-2078.61
-2006.6700000000003
-2006.71
-2020.29
-2020.3300000000002
-2045.2700000000002
-2045.3100000000002
-1996.8700000000001
-1996.91
-1889.2500000000002
-1889.2900000000002
-1942.0100000000002
-1942.0500000000002
-1979.8500000000001
-1979.89
-1968.66
-1968.7000000000003
-1969.8400000000001
-1969.8800000000003
-2040.7400000000002
-2040.7800000000002
-2001.3400000000001
-2001.3800000000003
-2021.9
-2021.9400000000003
-1999.4600000000003
-1999.5000000000002
-1956.6600000000003
-1956.7
-2095.67
-2095.71
-1996.1800000000003
-1996.2200000000003
-1966.8600000000001
-1966.9
-2002.24
-2002.27
-2074.96
-2075.0
-1974.5400000000002
-1974.5800000000002
-1958.5000000000002
-1958.54
-2009.7000000000003
-2009.7400000000002
-1978.5900000000001
-1978.63
-1926.66
-1926.7000000000003
-1994.95
-1994.9900000000002
-2014.3200000000002
-2014.3600000000004
-1992.67
-1992.71
-2101.0200000000004
-2101.0600000000004
-1989.9600000000003
-1990.0000000000002
-1944.3800000000003
-1944.42
-1986.5600000000002
-1986.6000000000004
-1949.2600000000002
-1949.3000000000002
-2015.3300000000002
-2015.3700000000003
-1921.3300000000002
-1921.3700000000003
-1938.8000000000002
-1938.8400000000001
-1949.45
-1949.4900000000002
-1967.8300000000002
-1967.8700000000001
-1928.94
-1928.9800000000002
-1934.7700000000002
-1934.8100000000002
-1929.04
-1929.08
-1882.6900000000003
-1882.7300000000002
-1997.5900000000001
-1997.63
-1992.0900000000001
-1992.1200000000003
-2079.54
-2079.58
-2001.5300000000002
-2001.5700000000002
-2005.4500000000003
-2005.4900000000002
-1976.19
-1976.2300000000002
-2010.0900000000001
-2010.13
-1917.9300000000003
-1917.9700000000003
-1988.3200000000002
-1988.3600000000001
-1969.4200000000003
-1969.4600000000003
-1991.2600000000002
-1991.3000000000002
-1994.65
-1994.69
-1949.1600000000003
-1949.2000000000003
-1947.1100000000004
-1947.15
-1887.3300000000002
-1887.3700000000001
-1977.6000000000004
-1977.64
-1959.1300000000003
-1959.1600000000003
-1979.7500000000005
-1979.7900000000002
-1924.89
-1924.93
-1968.48
-1968.52
-1968.2500000000005
-1968.2900000000004
-1994.52
-1994.56
-2014.2200000000003
-2014.2600000000002
-1880.0000000000002
-1880.0400000000002
-2081.8100000000004
-2081.8500000000004
-1898.0900000000001
-1898.13
-1964.04
-1964.0800000000004
-2035.97
-2036.0100000000004
-1986.5100000000002
-1986.5500000000002
-1999.0000000000002
-1999.0400000000004
-1997.0100000000002
-1997.0500000000002
-2059.36
-2059.4000000000005
-2002.3200000000002
-2002.3600000000001
-1971.8300000000002
-1971.8700000000001
-1890.3000000000002
-1890.3400000000001
-1971.6900000000003
-1971.7300000000002
-1922.7400000000002
-1922.7800000000002
-1900.8900000000003
-1900.9200000000003
-1934.0700000000002
-1934.1100000000001
-2011.4500000000003
-2011.4899999999998
-1970.4700000000003
-1970.5100000000002
-2027.4100000000003
-2027.4500000000003
-1918.44
-1918.48
-1877.06
-1877.0900000000001
-1870.2200000000003
-1870.2600000000002
-1925.4100000000003
-1925.45
-2042.1700000000003
-2042.2100000000005
-1974.6800000000003
-1974.72
-1908.0
-1908.04
-1936.5600000000004
-1936.5900000000001
-1970.5500000000002
-1970.5800000000002
-2023.54
-2023.5800000000002
-1982.7400000000002
-1982.7800000000002
-1986.5500000000002
-1986.5900000000001
-1994.2700000000002
-1994.3100000000004
-2004.9900000000002
-2005.0300000000002
-1990.9
-1990.94
-2046.93
-2046.9600000000003
-1948.1200000000003
-1948.1600000000003
-1930.2200000000003
-1930.2600000000002
-1992.15
-1992.1800000000003
-1930.7
-1930.7400000000002
-1999.1200000000003
-1999.1600000000003
-1932.3600000000001
-1932.4
-1921.8700000000003
-1921.91
-1931.0000000000002
-1931.0300000000002
-2052.6100000000006
-2052.65
-1985.0800000000002
-1985.1200000000001
-1884.8200000000002
-1884.8600000000001
-1916.0900000000001
-1916.13
-1852.26
-1852.3000000000002
-1920.67
-1920.71
-2009.7400000000002
-2009.7800000000002
-2043.1500000000003
-2043.1900000000005
-2001.0200000000004
-2001.0600000000002
-1855.95
-1855.9900000000002
-2096.91
-2096.9500000000003
-1946.2700000000002
-1946.3100000000002
-1976.0000000000002
-1976.0300000000002
-1943.4200000000003
-1943.46
-1962.97
-1963.0100000000002
-1915.8100000000004
-1915.8500000000001
-1945.7200000000003
-1945.7600000000002
-1991.96
-1992.0
-2067.8900000000003
-2067.9300000000003
-1980.71
-1980.75
-1936.7800000000002
-1936.8100000000002
-1947.9300000000003
-1947.9700000000003
-1917.5100000000002
-1917.5500000000002
-1946.8100000000004
-1946.8500000000001
-2048.26
-2048.3
-1958.0400000000002
-1958.0800000000002
-1974.8200000000004
-1974.8500000000004
-1923.8000000000002
-1923.8400000000001
-1980.2000000000003
-1980.2400000000002
-1937.3200000000002
-1937.3600000000001
-1869.13
-1869.17
-1984.9300000000003
-1984.9600000000003
-1908.6400000000003
-1908.6800000000003
-1894.7700000000004
-1894.8000000000002
-1949.8600000000001
-1949.9
-1948.5900000000001
-1948.6200000000001
-1973.6800000000003
-1973.7200000000003
-1990.0200000000002
-1990.0500000000002
-1886.88
-1886.92
-1942.5700000000002
-1942.6100000000001
-1990.5600000000002
-1990.6000000000001
-1951.58
-1951.6200000000001
-2014.65
-2014.6900000000005
-2018.2100000000003
-2018.2400000000002
-1893.68
-1893.72
-1904.62
-1904.66
-1974.15
-1974.1800000000003
-1942.7900000000004
-1942.8300000000002
-1987.5300000000002
-1987.5700000000002
-1937.8700000000003
-1937.91
-1989.3300000000002
-1989.3700000000001
-2007.6600000000003
-2007.7000000000003
-2029.69
-2029.7300000000005
-1818.54
-1818.5800000000002
-1868.17
-1868.21
-1942.98
-1943.02
-1956.0100000000002
-1956.0500000000002
-1893.46
-1893.5
-1994.6600000000003
-1994.7000000000003
-1890.7700000000002
-1890.8000000000002
-1908.8000000000002
-1908.8400000000001
-1991.4400000000003
-1991.4800000000005
-1973.63
-1973.6700000000003
-2032.2200000000003
-2032.2600000000002
-2008.6000000000004
-2008.64
-1961.2600000000002
-1961.3000000000002
-2061.5800000000004
-2061.6200000000003
-1868.5900000000001
-1868.63
-1970.3800000000003
-1970.42
-1952.63
-1952.67
-2019.9100000000003
-2019.9500000000003
-1956.0700000000002
-1956.1100000000001
-1998.8100000000004
-1998.8500000000001
-2033.77
-2033.8100000000004
-1978.74
-1978.7800000000002
-2015.6000000000004
-2015.6400000000003
-1989.77
-1989.8000000000002
-2014.35
-2014.39
-2006.1700000000003
-2006.2000000000005
-2053.3500000000004
-2053.3900000000003
-2011.29
-2011.3300000000002
-1992.7000000000003
-1992.7400000000002
-1902.39
-1902.4300000000003
-1983.0100000000002
-1983.0500000000002
-2046.5100000000002
-2046.5500000000002
-2030.5600000000002
-2030.6000000000001
-1918.48
-1918.5200000000002
-1988.5500000000002
-1988.5900000000001
-1895.79
-1895.83
-1915.1200000000001
-1915.1600000000003
-2065.4100000000003
-2065.4400000000005
-2021.45
-2021.4900000000002
-1895.19
-1895.23
-1994.4
-1994.4400000000003
-1988.7300000000002
-1988.77
-2008.83
-2008.8700000000001
-1972.6800000000003
-1972.7200000000003
-2011.2800000000002
-2011.3200000000002
-1981.79
-1981.8300000000002
-2021.17
-2021.21
-1828.8300000000002
-1828.8700000000001
-1965.8700000000003
-1965.9100000000003
-1841.45
-1841.4900000000002
-1941.67
-1941.71
-1854.92
-1854.9600000000003
-1949.3700000000003
-1949.4100000000003
-1959.88
-1959.9200000000003
-1987.1000000000004
-1987.1400000000003
-1949.5500000000004
-1949.5900000000004
-1935.2
-1935.2400000000002
-2013.63
-2013.67
-1890.3200000000002
-1890.3600000000001
-1948.3899999999999
-1948.43
-1977.9200000000003
-1977.9600000000003
-1964.8900000000003
-1964.9300000000003
-1923.1100000000001
-1923.15
-1944.67
-1944.71
-1857.3400000000001
-1857.3700000000001
-2014.67
-2014.7100000000003
-2096.3500000000004
-2096.38
-1971.75
-1971.7900000000002
-1941.6900000000003
-1941.73
-1995.4300000000003
-1995.4700000000003
-2008.5800000000004
-2008.6200000000003
-1918.2800000000002
-1918.3200000000002
-2104.7400000000002
-2104.78
-1933.4500000000003
-1933.4900000000002
-1987.51
-1987.5500000000002
-2040.3400000000001
-2040.3800000000003
-1999.52
-1999.5600000000002
-1932.62
-1932.6600000000003
-1978.0600000000004
-1978.1000000000004
-1909.12
-1909.16
-1939.7800000000002
-1939.8200000000002
-1876.3500000000001
-1876.3899999999999
-1951.7100000000005
-1951.75
-1973.3500000000001
-1973.38
-1965.1200000000003
-1965.1600000000003
-1894.67
-1894.71
-1873.4200000000003
-1873.45
-1918.44
-1918.48
-1941.0400000000004
-1941.0800000000002
-1880.5
-1880.5400000000002
-1965.5900000000001
-1965.63
-2003.1500000000003
-2003.19
-1994.4500000000003
-1994.4900000000002
-2007.5000000000002
-2007.5400000000004
-1998.3800000000003
-1998.4099999999999
-1977.0100000000002
-1977.0500000000002
-1973.49
-1973.5300000000002
-1900.42
-1900.46
-1971.8300000000004
-1971.8700000000001
-1965.4
-1965.44
-1923.65
-1923.6900000000003
-2007.4300000000003
-2007.4700000000003
-1930.3300000000002
-1930.3700000000001
-2007.8900000000003
-2007.9300000000003
-2010.2900000000002
-2010.3300000000002
-1851.05
-1851.0900000000001
-1945.4900000000002
-1945.5300000000002
-1949.8600000000001
-1949.8900000000003
-1927.1500000000003
-1927.1800000000003
-1853.3300000000004
-1853.3700000000001
-2057.51
-2057.5500000000006
-1985.08
-1985.1200000000001
-1897.9100000000003
-1897.9500000000003
-1990.8200000000002
-1990.8600000000001
-1976.9700000000003
-1977.0100000000002
-1884.8100000000002
-1884.8500000000001
-1890.28
-1890.3200000000002
-1948.1800000000003
-1948.21
-2116.13
-2116.16
-1982.6200000000003
-1982.6600000000003
-1963.2700000000002
-1963.3100000000004
-1999.8800000000003
-1999.9200000000003
-1965.42
-1965.4600000000003
-1935.5600000000002
-1935.6000000000004
-2128.3500000000004
-2128.3900000000003
-1984.1000000000001
-1984.1400000000003
-2016.0900000000001
-2016.1300000000003
-1974.7400000000002
-1974.7800000000002
-1986.9500000000003
-1986.99
-2166.55
-2166.59
-2046.6800000000003
-2046.7200000000003
-1995.9600000000003
-1996.0000000000002
-1833.6100000000001
-1833.65
-1953.23
-1953.2600000000002
-2007.1300000000003
-2007.17
-1990.96
-1991.0000000000002
-1966.42
-1966.4600000000003
-1887.46
-1887.5
-1856.8600000000001
-1856.9
-1901.6800000000003
-1901.7200000000003
-2019.02
-2019.0600000000002
-1926.4
-1926.44
-1996.38
-1996.42
-1811.8000000000002
-1811.8400000000001
-1920.3200000000002
-1920.3600000000001
-1926.7200000000003
-1926.7600000000002
-2002.0700000000002
-2002.1100000000001
-1946.98
-1947.0200000000002
-1920.2000000000003
-1920.24
-1845.67
-1845.71
-2000.2700000000002
-2000.3100000000002
-2003.5000000000005
-2003.5400000000004
-2056.9900000000007
-2057.0200000000004
-1946.4300000000003
-1946.4700000000003
-1950.6900000000003
-1950.7200000000003
-1876.0300000000002
-1876.0700000000002
-1983.3600000000001
-1983.4
-1905.69
-1905.73
-1884.1200000000003
-1884.16
-1958.0700000000002
-1958.1100000000001
-1979.4200000000003
-1979.4600000000003
-1919.75
-1919.79
-1974.2300000000002
-1974.2700000000002
-1981.3700000000001
-1981.4100000000003
-1900.0400000000002
-1900.0800000000004
-1946.73
-1946.77
-1986.8300000000002
-1986.8700000000003
-2032.6500000000005
-2032.6900000000003
-1964.96
-1964.9900000000002
-2004.8000000000002
-2004.8400000000001
-2047.77
-2047.8100000000004
-1995.3400000000001
-1995.3700000000001
-2027.3500000000004
-2027.3900000000003
-2026.5500000000002
-2026.59
-1794.1400000000003
-1794.1800000000003
-1954.7600000000002
-1954.8000000000002
-1993.0000000000005
-1993.0400000000002
-1923.7800000000002
-1923.8200000000002
-2073.0600000000004
-2073.1000000000004
-1873.5500000000002
-1873.5900000000001
-1971.2000000000003
-1971.2400000000002
-1918.42
-1918.4600000000003
-1941.9300000000003
-1941.9700000000003
-2004.8600000000001
-2004.9
-2064.23
-2064.27
-2014.63
-2014.6700000000003
-2032.3100000000004
-2032.3500000000004
-1980.9300000000003
-1980.9700000000003
-2023.48
-2023.52
-1931.7800000000002
-1931.8200000000002
-1935.41
-1935.4500000000003
-1923.19
-1923.23
-1964.2600000000002
-1964.2900000000002
-1995.1100000000001
-1995.15
-2053.02
-2053.05
-2018.66
-2018.7000000000003
-1954.8800000000003
-1954.9200000000003
-1900.1600000000003
-1900.2000000000003
-2043.7400000000002
-2043.7800000000004
-1983.2600000000004
-1983.2900000000004
-2087.42
-2087.4600000000005
-1876.7900000000002
-1876.8300000000002
-1845.2000000000003
-1845.23
-2052.98
-2053.0200000000004
-1885.1700000000003
-1885.21
-1948.1400000000003
-1948.18
-2131.9100000000003
-2131.9400000000005
-2083.5
-2083.54
-1979.9300000000003
-1979.9600000000003
-1976.0700000000002
-1976.1100000000001
-2031.19
-2031.2300000000002
-1941.7000000000003
-1941.7400000000002
-1928.3200000000002
-1928.3500000000001
-1961.69
-1961.73
-2073.1000000000004
-2073.1400000000003
-1890.3000000000004
-1890.3400000000001
-1993.35
-1993.3900000000003
-1967.9500000000003
-1967.9900000000002
-1953.3600000000001
-1953.4
-1884.7700000000002
-1884.8100000000002
-1967.6400000000003
-1967.68
-1938.0600000000002
-1938.1000000000001
-1970.7300000000002
-1970.7700000000002
-1961.1800000000003
-1961.2200000000003
-1992.2400000000002
-1992.27
-1990.38
-1990.4200000000005
-2019.4
-2019.4400000000003
-1965.1400000000003
-1965.1800000000003
-2038.3100000000004
-2038.3500000000004
-1951.1400000000003
-1951.1800000000003
-1925.3200000000002
-1925.3500000000004
-1994.5600000000004
-1994.6000000000001
-1898.73
-1898.7700000000002
-1936.2200000000003
-1936.2600000000002
-2060.0800000000004
-2060.1200000000003
-2086.4000000000005
-2086.4300000000003
-2048.54
-2048.57
-1996.7200000000003
-1996.7500000000005
-2002.94
-2002.9800000000002
-1933.94
-1933.98
-1957.2000000000003
-1957.2400000000002
-1865.5900000000001
-1865.63
-1928.4100000000003
-1928.4500000000003
-2036.5200000000002
-2036.5600000000002
-1893.7200000000003
-1893.7600000000002
-2000.2900000000002
-2000.33
-1895.5800000000002
-1895.6200000000001
-1840.44
-1840.4800000000002
-1903.8600000000001
-1903.9
-1922.8000000000002
-1922.8400000000001
-1868.5600000000002
-1868.5900000000001
-1859.77
-1859.81
-2014.9700000000003
-2015.0100000000002
-1999.13
-1999.17
-1933.2100000000003
-1933.2500000000002
-1905.72
-1905.7600000000002
-1950.8500000000004
-1950.8899999999999
-2044.7500000000005
-2044.7800000000002
-1989.65
-1989.69
-1944.2300000000002
-1944.27
-1955.5400000000002
-1955.5800000000004
-1944.63
-1944.67
-1803.41
-1803.4500000000003
-1949.91
-1949.94
-1915.7600000000002
-1915.8000000000002
-1944.9700000000003
-1945.0100000000002
-2006.65
-2006.69
-1985.42
-1985.4600000000003
-2005.1200000000003
-2005.1600000000003
-1874.0400000000002
-1874.0800000000004
-1971.5600000000002
-1971.6000000000004
-1861.4300000000003
-1861.4600000000003
-2040.52
-2040.5500000000002
-1943.5200000000002
-1943.5600000000002
-1884.88
-1884.92
-1938.67
-1938.71
-1969.69
-1969.7300000000002
-1980.1200000000001
-1980.15
-1943.0200000000004
-1943.0600000000002
-1931.0600000000002
-1931.0900000000001
-1980.5000000000002
-1980.5400000000002
-1928.0900000000001
-1928.13
-1902.63
-1902.67
-1931.9300000000003
-1931.9700000000003
-1914.1200000000001
-1914.1600000000003
-1985.52
-1985.5500000000002
-1938.48
-1938.5200000000002
-2008.8300000000002
-2008.8700000000001
-2024.6100000000001
-2024.65
-1934.0600000000002
-1934.1000000000001
-1904.8100000000002
-1904.8500000000004
-1980.4500000000003
-1980.4900000000002
-2053.42
-2053.46
-1890.42
-1890.46
-2025.63
-2025.6700000000003
-1916.2900000000002
-1916.3300000000002
-1956.3000000000002
-1956.3400000000001
-1921.6200000000003
-1921.6600000000003
-1920.17
-1920.21
-1954.8000000000002
-1954.8400000000001
-2061.2
-2061.24
-1937.0000000000002
-1937.0400000000002
-1893.52
-1893.5600000000002
-1881.1000000000001
-1881.14
-1896.73
-1896.77
-1974.5200000000002
-1974.5600000000002
-1998.42
-1998.46
-2056.76
-2056.8
-1843.3700000000003
-1843.41
-1886.07
-1886.1100000000001
-1882.13
-1882.17
-1972.4200000000003
-1972.4600000000003
-1964.19
-1964.2300000000002
-1906.0800000000004
-1906.1200000000001
-1861.5500000000002
-1861.5900000000001
-1923.21
-1923.2400000000002
-1915.7500000000002
-1915.7900000000002
-2036.0500000000002
-2036.0900000000001
-1926.8400000000001
-1926.88
-1939.0200000000004
-1939.0600000000002
-1960.8600000000001
-1960.9
-1969.4900000000002
-1969.5300000000002
-1988.1000000000001
-1988.1400000000003
-1895.29
-1895.3300000000004
-1981.2300000000002
-1981.2700000000002
-2036.1400000000003
-2036.1800000000003
-2026.4200000000003
-2026.46
-2022.54
-2022.5800000000002
-1988.1900000000003
-1988.23
-1981.7000000000003
-1981.7400000000002
-1870.6200000000003
-1870.6600000000003
-1992.6300000000003
-1992.6700000000003
-1955.1600000000003
-1955.2
-1998.9300000000003
-1998.9700000000003
-1918.8300000000004
-1918.8700000000003
-1991.27
-1991.31
-1988.3100000000004
-1988.3500000000004
-1865.63
-1865.67
-1948.46
-1948.5
-1890.4700000000003
-1890.5100000000002
-1929.42
-1929.46
-1832.7100000000003
-1832.75
-2018.0500000000002
-2018.0900000000001
-1876.69
-1876.7200000000003
-1964.9600000000003
-1965.0000000000002
-2032.4500000000005
-2032.4900000000002
-1885.66
-1885.7000000000003
-1990.5600000000002
-1990.6000000000001
-1997.53
-1997.5700000000002
-1924.6800000000003
-1924.72
-1940.0000000000005
-1940.0400000000004
-2021.9800000000002
-2022.0200000000002
-1987.6200000000003
-1987.66
-1911.8900000000003
-1911.93
-1958.9700000000003
-1959.0100000000002
-1945.4500000000003
-1945.4800000000002
-1965.8700000000003
-1965.9100000000003
-1933.3100000000004
-1933.3500000000004
-1872.3000000000002
-1872.3400000000001
-1924.5600000000002
-1924.5900000000001
-2036.3000000000002
-2036.3400000000001
-1943.9300000000003
-1943.9700000000003
-1931.3400000000001
-1931.38
-1905.8200000000002
-1905.8600000000001
-1869.3500000000004
-1869.39
-2009.94
-2009.9800000000002
-1954.64
-1954.6800000000003
-1980.8200000000002
-1980.8600000000001
-1918.29
-1918.3300000000002
-1819.65
-1819.69
-1961.08
-1961.1200000000001
-2013.89
-2013.9300000000003
-2019.7600000000002
-2019.8000000000002
-1817.0
-1817.04
-1995.8300000000004
-1995.8600000000001
-1851.6200000000001
-1851.6600000000003
-1964.05
-1964.0900000000001
-2041.6500000000003
-2041.6900000000003
-1938.4400000000003
-1938.48
-1966.5000000000002
-1966.5400000000002
-1944.7000000000003
-1944.7400000000002
-1817.46
-1817.5
-2017.8400000000001
-2017.8700000000003
-1992.5400000000002
-1992.5700000000002
-1893.7700000000002
-1893.8100000000002
-1880.1800000000003
-1880.2100000000003
-1940.6000000000004
-1940.64
-1951.88
-1951.9200000000003
-1889.3200000000002
-1889.3600000000001
-1910.6800000000003
-1910.7200000000003
-1994.17
-1994.2000000000003
-1979.6200000000001
-1979.66
-1982.5700000000002
-1982.6100000000001
-1945.5700000000002
-1945.6100000000001
-1918.4400000000003
-1918.4800000000002
-1903.0000000000002
-1903.04
-1981.64
-1981.6800000000003
-1992.2200000000003
-1992.2600000000002
-1889.8400000000001
-1889.88
-1953.25
-1953.2900000000004
-1965.9500000000003
-1965.9900000000002
-2081.8100000000004
-2081.8500000000004
-1876.3100000000004
-1876.3500000000001
-1915.2600000000002
-1915.3000000000002
-1981.9700000000005
-1982.0100000000002
-2023.9700000000003
-2024.0100000000002
-1980.46
-1980.5
-1856.7400000000002
-1856.7800000000002
-1978.5900000000001
-1978.63
-1911.4300000000003
-1911.47
-1953.1200000000003
-1953.1600000000003
-2016.7100000000005
-2016.75
-2027.4700000000003
-2027.5100000000002
-1986.5200000000002
-1986.5600000000004
-1982.0200000000002
-1982.0600000000002
-2001.3600000000001
-2001.4
-1920.88
-1920.91
-1980.8800000000003
-1980.9200000000003
-2028.6700000000003
-2028.7000000000003
-1882.67
-1882.71
-1933.2200000000003
-1933.2500000000002
-1869.49
-1869.5300000000002
-1932.5700000000002
-1932.6100000000001
-1979.6200000000001
-1979.6600000000003
-1971.2100000000003
-1971.25
-1938.65
-1938.69
-1838.29
-1838.33
-1926.2200000000003
-1926.26
-1933.2300000000002
-1933.27
-1806.8899999999999
-1806.9300000000003
-1902.0000000000002
-1902.0400000000002
-1821.22
-1821.26
-1973.5500000000002
-1973.5900000000001
-1788.3000000000002
-1788.3400000000001
-1954.3300000000002
-1954.3700000000003
-1900.5
-1900.5400000000002
-2014.2700000000002
-2014.3100000000004
-1893.92
-1893.9600000000003
-1885.4300000000003
-1885.4700000000003
-1997.4200000000003
-1997.4600000000003
-1955.3400000000001
-1955.38
-2027.68
-2027.7200000000003
-1909.21
-1909.2400000000002
-2001.5800000000002
-2001.6200000000001
-1932.5800000000004
-1932.6200000000003
-1941.7300000000002
-1941.7700000000002
-1928.0100000000002
-1928.0500000000002
-1952.4600000000003
-1952.5
-1988.1300000000003
-1988.17
-1954.91
-1954.94
-1861.8600000000001
-1861.9
-1912.3500000000004
-1912.3900000000003
-1964.2500000000002
-1964.2900000000002
-1892.0900000000001
-1892.13
-1924.8600000000001
-1924.9000000000003
-1855.23
-1855.2700000000002
-1983.91
-1983.9500000000003
-2023.6100000000001
-2023.6500000000003
-1999.5400000000002
-1999.5800000000002
-1878.5100000000002
-1878.5500000000002
-1938.2200000000003
-1938.2600000000002
-1937.7800000000002
-1937.8200000000002
-2022.7600000000002
-2022.8000000000002
-1934.6800000000003
-1934.7200000000003
-1993.8200000000002
-1993.8600000000004
-1954.5400000000002
-1954.5800000000004
-2039.1200000000003
-2039.1600000000003
-2037.63
-2037.67
-1970.4800000000002
-1970.52
-1883.2200000000003
-1883.25
-2031.7600000000002
-2031.8000000000002
-2080.2500000000005
-2080.29
-1959.2800000000002
-1959.3200000000002
-1929.13
-1929.1700000000003
-1926.5900000000001
-1926.63
-1936.7800000000002
-1936.8200000000002
-2073.59
-2073.63
-1967.17
-1967.2100000000003
-1917.5100000000002
-1917.5500000000002
-1898.2
-1898.2400000000002
-1972.0900000000001
-1972.13
-1848.46
-1848.5
-1907.97
-1908.0100000000002
-1867.7000000000003
-1867.7400000000002
-1919.5000000000002
-1919.5400000000002
-2031.8400000000004
-2031.8700000000001
-2038.95
-2038.9900000000002
-1903.5200000000002
-1903.5600000000004
-1852.3600000000001
-1852.3900000000003
-1884.67
-1884.71
-1987.4
-1987.4400000000003
-1939.4800000000002
-1939.5100000000002
-1900.5700000000002
-1900.6100000000001
-1942.08
-1942.1200000000001
-1948.5000000000002
-1948.5400000000002
-2002.7700000000002
-2002.8100000000002
-1966.1400000000003
-1966.1800000000003
-1916.29
-1916.3300000000002
-1905.95
-1905.9800000000002
-1934.72
-1934.7600000000002
-1906.0700000000002
-1906.1100000000001
-1992.4
-1992.4300000000003
-1876.9700000000003
-1877.0100000000002
-1924.7400000000002
-1924.7800000000002
-1926.69
-1926.73
-2007.8600000000001
-2007.9000000000003
-1933.5700000000002
-1933.6000000000004
-1920.8300000000002
-1920.8700000000001
-2002.0700000000002
-2002.1100000000001
-1982.3800000000003
-1982.4200000000003
-1979.4700000000003
-1979.5100000000002
-1903.5100000000002
-1903.5500000000002
-1956.0400000000002
-1956.0800000000002
-1850.22
-1850.2600000000002
-1984.7800000000002
-1984.8200000000004
-1938.7700000000004
-1938.8100000000002
-1945.8500000000001
-1945.88
-1955.9700000000003
-1956.0100000000002
-1837.9900000000002
-1838.0300000000002
-1915.1400000000003
-1915.18
-1913.98
-1914.02
-2001.0400000000002
-2001.0700000000002
-1919.5800000000002
-1919.6200000000001
-1881.18
-1881.2100000000003
-1884.17
-1884.21
-1978.38
-1978.4200000000003
-1983.1100000000001
-1983.15
-1941.3900000000003
-1941.4299999999998
-1896.3100000000002
-1896.3500000000001
-1927.2200000000003
-1927.25
-1972.0400000000002
-1972.08
-1981.3900000000003
-1981.43
-1938.67
-1938.7100000000003
-1858.91
-1858.9500000000003
-1818.0500000000002
-1818.0900000000001
-1869.1200000000001
-1869.16
-1897.83
-1897.8700000000001
-1856.25
-1856.2900000000002
-1983.6100000000001
-1983.6500000000003
-1898.0200000000004
-1898.0500000000002
-1840.5000000000002
-1840.5400000000002
-1813.5300000000002
-1813.5600000000002
-1960.4500000000003
-1960.4900000000002
-1979.7700000000004
-1979.8100000000004
-1927.13
-1927.1600000000003
-1809.14
-1809.1800000000003
-1943.8900000000003
-1943.9300000000003
-2018.33
-2018.3700000000001
-1868.9100000000003
-1868.95
-1989.3500000000001
-1989.3899999999999
-1998.1600000000003
-1998.2000000000003
-1948.52
-1948.5600000000002
-1970.3000000000002
-1970.3400000000001
-2012.65
-2012.69
-1998.2000000000003
-1998.2300000000002
-1875.0500000000002
-1875.0900000000001
-1953.9700000000003
-1954.0100000000002
-1862.49
-1862.5300000000002
-1829.7
-1829.7400000000002
-2056.3200000000006
-2056.36
-1950.95
-1950.9900000000002
-1961.3200000000002
-1961.3600000000001
-1935.2600000000002
-1935.3000000000002
-1902.31
-1902.35
-1894.69
-1894.73
-1949.1800000000003
-1949.2100000000003
-1953.8700000000003
-1953.9100000000003
-1828.3100000000002
-1828.3500000000001
-1849.7800000000002
-1849.8200000000002
-1892.62
-1892.6600000000003
-1895.7
-1895.7400000000002
-1839.89
-1839.9300000000003
-1841.1200000000001
-1841.1600000000003
-1871.42
-1871.46
-1944.0900000000001
-1944.13
-1938.79
-1938.8300000000002
-1918.46
-1918.5000000000002
-1889.92
-1889.96
-2015.3900000000003
-2015.4300000000003
-1937.0100000000002
-1937.0500000000002
-1907.2900000000002
-1907.33
-1933.94
-1933.98
-1878.4600000000003
-1878.5000000000002
-1941.0800000000004
-1941.12
-1867.0100000000002
-1867.0500000000002
-1824.21
-1824.25
-1938.0300000000002
-1938.0700000000002
-1919.92
-1919.9600000000003
-1985.3900000000003
-1985.4300000000003
-1885.7400000000002
-1885.7800000000002
-1912.2700000000004
-1912.3100000000002
-1927.9100000000003
-1927.9500000000003
-1861.5700000000002
-1861.6100000000001
-1908.21
-1908.2500000000002
-1993.0900000000004
-1993.13
-1928.7500000000002
-1928.7900000000002
-1877.27
-1877.3100000000002
-1914.42
-1914.46
-1920.9100000000003
-1920.95
-1897.94
-1897.9800000000002
-1912.1600000000003
-1912.2000000000003
-1803.7000000000003
-1803.7400000000002
-1942.5900000000001
-1942.63
-1929.8200000000002
-1929.8600000000001
-1845.5800000000002
-1845.62
-1913.9700000000003
-1914.0100000000002
-1946.3200000000004
-1946.3600000000001
-2046.57
-2046.6000000000004
-2049.36
-2049.4
-1949.4500000000003
-1949.4900000000002
-2027.5
-2027.5400000000002
-1939.25
-1939.2800000000002
-1822.8000000000002
-1822.8400000000001
-1923.3000000000002
-1923.3400000000001
-1869.18
-1869.2200000000003
-1800.88
-1800.92
-1858.3500000000004
-1858.39
-1918.0
-1918.0300000000002
-1904.1200000000001
-1904.1600000000003
-1878.5500000000002
-1878.5800000000002
-1869.3000000000002
-1869.3400000000001
-1971.13
-1971.17
-1917.5800000000004
-1917.6200000000003
-1977.52
-1977.5600000000002
-1923.0300000000002
-1923.0700000000002
-1912.2400000000002
-1912.27
-1973.0800000000002
-1973.1200000000003
-1900.8300000000002
-1900.8700000000003
-1933.2200000000003
-1933.26
-1948.7800000000002
-1948.8200000000002
-1797.4400000000003
-1797.48
-1898.69
-1898.7300000000002
-1806.29
-1806.3300000000002
-1804.3500000000001
-1804.39
-1936.8700000000001
-1936.91
-1912.2000000000003
-1912.2400000000002
-1752.18
-1752.22
-1958.8800000000003
-1958.9200000000005
-1949.9100000000003
-1949.9500000000003
-1858.6000000000001
-1858.64
-1884.7600000000002
-1884.8000000000002
-2042.4
-2042.44
-1894.2500000000002
-1894.2900000000002
-1938.5100000000002
-1938.5400000000002
-1889.5500000000002
-1889.5900000000001
-1909.1200000000001
-1909.16
-1925.39
-1925.4300000000003
-1813.71
-1813.75
