-745.0799999999999
-745.1099999999999
-894.9100000000001
-894.94
-754.02
-754.05
-872.9200000000001
-872.95
-788.55
-788.58
-874.22
-874.2500000000001
-861.3
-861.33
-926.61
-926.6400000000001
-860.7700000000001
-860.8000000000002
-898.77
-898.8
-840.29
-840.3199999999999
-944.3499999999999
-944.3800000000001
-888.1700000000001
-888.2
-879.36
-879.39
-828.23
-828.26
-920.0100000000001
-920.0400000000001
-814.1800000000001
-814.2
-811.2
-811.23
-876.22
-876.25
-922.7900000000001
-922.8200000000002
-850.83
-850.8600000000001
-919.09
-919.12
-904.6100000000001
-904.6400000000001
-916.48
-916.51
-879.9200000000001
-879.95
-805.1600000000001
-805.1800000000001
-866.0
-866.03
-856.9100000000001
-856.94
-870.54
-870.57
-841.56
-841.59
-831.8499999999999
-831.88
-800.72
-800.75
-834.53
-834.56
-964.8800000000001
-964.9100000000001
-848.75
-848.78
-752.42
-752.45
-874.44
-874.47
-858.05
-858.08
-856.26
-856.29
-884.58
-884.6
-910.1800000000001
-910.21
-895.9200000000001
-895.95
-860.1999999999999
-860.2299999999999
-875.75
-875.78
-908.0
-908.0300000000001
-858.96
-858.99
-823.76
-823.7900000000001
-797.59
-797.62
-899.0
-899.03
-855.4300000000001
-855.46
-868.8900000000001
-868.9200000000001
-886.5100000000001
-886.5400000000002
-891.69
-891.72
-808.1200000000001
-808.1500000000001
-868.8500000000001
-868.8800000000001
-798.95
-798.98
-871.8100000000001
-871.84
-878.8
-878.82
-883.75
-883.78
-895.94
-895.97
-929.76
-929.79
-880.8199999999999
-880.85
-809.78
-809.81
-907.21
-907.24
-897.3400000000001
-897.3700000000001
-867.4900000000001
-867.5200000000001
-852.6
-852.6300000000001
-799.37
-799.4
-849.45
-849.48
-824.77
-824.8000000000002
-888.77
-888.8000000000001
-846.73
-846.7600000000001
-806.8299999999999
-806.86
-877.48
-877.51
-977.6400000000001
-977.6700000000001
-806.14
-806.1700000000001
-839.9300000000001
-839.96
-836.3000000000001
-836.33
-896.3900000000001
-896.4200000000001
-860.54
-860.5699999999999
-937.5100000000001
-937.5400000000001
-824.46
-824.49
-952.04
-952.07
-884.47
-884.5
-836.46
-836.49
-875.69
-875.72
-782.14
-782.1700000000001
-898.02
-898.0500000000001
-820.21
-820.24
-860.02
-860.05
-833.5900000000001
-833.6200000000001
-887.21
-887.24
-795.97
-796.0
-960.97
-961.0
-905.58
-905.6100000000001
-862.26
-862.29
-937.1700000000001
-937.2
-778.47
-778.5
-963.36
-963.39
-871.39
-871.4200000000001
-834.24
-834.2700000000001
-885.8100000000001
-885.84
-869.3499999999999
-869.38
-809.31
-809.3399999999999
-941.5800000000002
-941.6100000000001
-935.72
-935.75
-901.08
-901.1100000000001
-768.79
-768.8199999999999
-812.8700000000001
-812.9000000000001
-891.4200000000001
-891.45
-883.52
-883.55
-845.24
-845.26
-760.0699999999999
-760.1000000000001
-835.26
-835.29
-890.1600000000001
-890.19
-811.71
-811.74
-855.6600000000001
-855.69
-899.84
-899.8600000000001
-758.7900000000001
-758.82
-909.8600000000001
-909.8900000000001
-830.7500000000001
-830.7800000000001
-959.02
-959.04
-876.98
-877.01
-905.77
-905.8
-853.96
-853.99
-861.5899999999999
-861.6200000000001
-867.03
-867.0600000000001
-875.1800000000001
-875.21
-977.1400000000001
-977.1700000000001
-847.74
-847.77
-862.96
-862.99
-899.71
-899.74
-875.6500000000001
-875.6800000000001
-885.1700000000001
-885.2
-938.29
-938.3199999999999
-895.9300000000001
-895.96
-836.6600000000001
-836.69
-831.25
-831.28
-849.47
-849.5
-902.5899999999999
-902.6199999999999
-791.1100000000001
-791.1400000000001
-854.0400000000001
-854.07
-820.72
-820.75
-782.3800000000001
-782.4100000000001
-785.03
-785.0600000000001
-900.99
-901.02
-825.24
-825.27
-848.9200000000001
-848.95
-875.38
-875.4100000000001
-947.3000000000001
-947.33
-797.62
-797.6500000000001
-938.5500000000001
-938.58
-843.1200000000001
-843.1500000000001
-787.3600000000001
-787.3900000000001
-851.13
-851.16
-847.9000000000001
-847.9300000000001
-924.77
-924.8000000000001
-864.55
-864.58
-833.1800000000001
-833.2
-881.5400000000001
-881.57
-943.6
-943.6300000000001
-842.4000000000001
-842.4300000000001
-946.0600000000001
-946.08
-767.34
-767.3700000000001
-748.75
-748.78
-876.3600000000001
-876.3900000000001
-814.97
-815.0
-820.77
-820.8
-818.6800000000001
-818.71
-811.41
-811.44
-899.6100000000001
-899.6400000000001
-800.83
-800.86
-848.8800000000001
-848.9100000000001
-884.85
-884.8800000000001
-829.01
-829.04
-756.5799999999999
-756.6099999999999
-865.8399999999999
-865.87
-692.62
-692.65
-838.01
-838.04
-762.4
-762.43
-847.24
-847.27
-889.3399999999999
-889.37
-786.26
-786.29
-795.34
-795.3700000000001
-800.7900000000001
-800.82
-847.01
-847.04
-774.9100000000001
-774.94
-821.37
-821.4000000000001
-822.6300000000001
-822.6600000000001
-825.48
-825.51
-846.25
-846.27
-777.29
-777.32
-872.2
-872.23
-899.25
-899.28
-867.79
-867.8199999999999
-830.6
-830.6300000000001
-923.61
-923.64
-860.5699999999999
-860.5999999999999
-777.8500000000001
-777.8800000000001
-944.88
-944.91
-813.69
-813.72
-907.4000000000001
-907.4300000000001
-917.19
-917.22
-940.6800000000001
-940.71
-908.26
-908.29
-860.27
-860.3000000000001
-799.99
-800.02
-832.99
-833.0200000000001
-883.0500000000001
-883.07
-810.28
-810.31
-782.65
-782.68
-872.06
-872.0899999999999
-843.94
-843.97
-831.8800000000001
-831.9100000000001
-773.53
-773.56
-838.3000000000001
-838.33
-854.19
-854.22
-892.37
-892.4000000000001
-902.49
-902.52
-874.4000000000001
-874.4300000000001
-855.32
-855.35
-845.03
-845.06
-835.25
-835.28
-854.1800000000001
-854.21
-896.98
-897.01
-825.2900000000001
-825.32
-898.72
-898.74
-787.37
-787.4000000000001
-950.44
-950.47
-800.4000000000001
-800.4300000000001
-895.57
-895.6000000000001
-895.6400000000001
-895.6700000000001
-920.22
-920.25
-907.76
-907.7900000000001
-832.47
-832.5
-880.98
-881.01
-823.27
-823.3
-925.56
-925.5899999999999
-786.8900000000001
-786.9200000000001
-851.5500000000001
-851.58
-887.0300000000001
-887.0600000000001
-954.6800000000001
-954.71
-911.22
-911.25
-823.69
-823.72
-881.17
-881.2
-793.1500000000001
-793.1800000000001
-731.3800000000001
-731.4000000000001
-833.97
-834.0000000000001
-839.6
-839.63
-873.88
-873.9100000000001
-819.36
-819.3900000000001
-983.3100000000001
-983.34
-898.4300000000001
-898.46
-838.48
-838.5
-816.6500000000001
-816.6800000000001
-868.99
-869.02
-862.9300000000001
-862.96
-889.01
-889.0400000000001
-823.03
-823.06
-865.86
-865.89
-948.0300000000001
-948.0600000000001
-881.3200000000002
-881.3500000000001
-817.77
-817.8
-863.6500000000001
-863.6800000000001
-900.0400000000001
-900.07
-876.25
-876.2800000000001
-850.52
-850.55
-907.75
-907.78
-905.8800000000001
-905.9100000000001
-843.33
-843.3600000000001
-846.77
-846.8
-793.81
-793.84
-856.6700000000001
-856.7
-908.81
-908.84
-867.0300000000001
-867.0600000000001
-826.5400000000001
-826.57
-912.17
-912.1999999999999
-826.04
-826.0699999999999
-710.3499999999999
-710.3699999999999
-913.84
-913.87
-827.23
-827.26
-850.04
-850.07
-811.99
-812.02
-781.8399999999999
-781.8700000000001
-853.3600000000001
-853.3900000000001
-894.9100000000001
-894.94
-879.95
-879.98
-885.2600000000001
-885.2900000000001
-907.6700000000001
-907.7
-939.5
-939.5300000000001
-864.6
-864.6300000000001
-893.77
-893.8
-888.51
-888.5400000000001
-900.99
-901.02
-782.1100000000001
-782.1400000000001
-867.82
-867.85
-802.88
-802.9100000000001
-900.8399999999999
-900.87
-924.8000000000001
-924.83
-905.3499999999999
-905.38
-852.37
-852.4000000000001
-815.22
-815.25
-788.9300000000001
-788.96
-837.98
-838.01
-786.23
-786.26
-921.19
-921.22
-903.13
-903.1600000000001
-803.8000000000001
-803.83
-805.12
-805.1500000000001
-916.88
-916.9100000000001
-958.1600000000001
-958.19
-796.1099999999999
-796.1400000000001
-816.9
-816.9300000000001
-819.19
-819.21
-899.62
-899.6500000000001
-901.11
-901.13
-889.08
-889.11
-833.26
-833.29
-873.6700000000001
-873.7
-928.3900000000001
-928.4200000000001
-1000.8900000000001
-1000.9200000000001
-864.98
-865.01
-919.16
-919.1899999999999
-889.3700000000001
-889.4000000000001
-852.12
-852.15
-777.5000000000001
-777.5300000000001
-730.3700000000001
-730.4000000000001
-814.07
-814.09
-861.4300000000001
-861.4600000000002
-790.0900000000001
-790.1200000000001
-815.6700000000001
-815.7
-814.84
-814.87
-837.59
-837.61
-783.6100000000001
-783.6400000000001
-878.6800000000001
-878.71
-804.23
-804.26
-880.23
-880.26
-846.3100000000002
-846.3400000000001
-872.07
-872.1
-860.6400000000001
-860.6700000000001
-795.72
-795.75
-902.7
-902.73
-927.6200000000001
-927.6500000000001
-839.3500000000001
-839.3700000000001
-899.2800000000001
-899.3100000000001
-816.05
-816.08
-886.53
-886.5600000000001
-911.24
-911.27
-727.54
-727.5699999999999
-863.4200000000001
-863.45
-903.8
-903.83
-790.9200000000001
-790.95
-845.6700000000001
-845.7
-838.48
-838.51
-788.1
-788.1300000000001
-881.6700000000001
-881.69
-879.26
-879.2900000000001
-746.6500000000001
-746.6800000000001
-823.73
-823.76
-869.79
-869.82
-872.0699999999999
-872.1
-866.52
-866.5500000000001
-922.5600000000001
-922.59
-770.7700000000001
-770.8000000000001
-760.27
-760.3
-852.3700000000001
-852.4000000000001
-978.1500000000001
-978.1800000000001
-800.73
-800.76
-796.8499999999999
-796.88
-828.1000000000001
-828.1300000000001
-730.21
-730.24
-862.28
-862.31
-810.27
-810.3000000000001
-829.74
-829.7700000000001
-810.8800000000001
-810.9100000000001
-855.5600000000001
-855.59
-837.85
-837.8800000000001
-847.7700000000001
-847.8000000000001
-765.04
-765.07
-854.5400000000001
-854.57
-870.3699999999999
-870.4
-824.6899999999999
-824.72
-880.26
-880.29
-881.8800000000001
-881.9100000000001
-912.57
-912.6
-927.8900000000001
-927.9100000000001
-829.75
-829.7800000000001
-836.1400000000001
-836.1700000000001
-867.29
-867.3199999999999
-839.44
-839.47
-783.08
-783.11
-814.1700000000001
-814.2
-833.6100000000001
-833.6400000000001
-761.5699999999999
-761.5999999999999
-888.75
-888.78
-851.3000000000001
-851.33
-823.6500000000001
-823.6800000000001
-825.35
-825.38
-760.19
-760.22
-864.27
-864.3
-838.1800000000001
-838.21
-798.5500000000001
-798.58
-894.2
-894.23
-803.23
-803.26
-801.9100000000001
-801.94
-859.33
-859.35
-836.9300000000001
-836.96
-935.7
-935.73
-929.71
-929.74
-895.97
-896.0
-778.5
-778.53
-949.1600000000001
-949.19
-784.3600000000001
-784.3900000000001
-820.83
-820.8500000000001
-870.25
-870.28
-823.1400000000001
-823.1700000000001
-816.75
-816.78
-855.87
-855.9
-868.04
-868.0699999999999
-867.33
-867.36
-890.21
-890.24
-888.1000000000001
-888.1300000000001
-845.75
-845.78
-870.79
-870.8199999999999
-803.3200000000002
-803.3500000000001
-922.1600000000001
-922.19
-932.49
-932.52
-831.8
-831.8299999999999
-789.28
-789.31
-757.1500000000001
-757.1800000000001
-892.27
-892.3000000000001
-889.75
-889.77
-887.64
-887.67
-795.5899999999999
-795.6199999999999
-844.6
-844.6300000000001
-872.11
-872.1400000000001
-858.45
-858.48
-886.76
-886.7900000000001
-860.47
-860.5
-871.26
-871.29
-848.3100000000001
-848.3400000000001
-858.72
-858.75
-829.5
-829.52
-827.75
-827.78
-787.5600000000001
-787.59
-822.1300000000001
-822.1600000000001
-904.0699999999999
-904.09
-830.0600000000001
-830.09
-923.6800000000001
-923.71
-861.42
-861.45
-833.6300000000001
-833.6500000000001
-771.4100000000001
-771.44
-858.46
-858.49
-859.82
-859.85
-851.6800000000001
-851.71
-928.14
-928.1700000000001
-866.21
-866.24
-910.96
-910.99
-878.5500000000001
-878.58
-862.5999999999999
-862.6300000000001
-821.8300000000002
-821.8500000000001
-861.01
-861.0400000000001
-875.65
-875.6700000000001
-815.79
-815.8199999999999
-830.97
-831.0
-842.9100000000001
-842.94
-831.3299999999999
-831.36
-920.3100000000001
-920.34
-789.8800000000001
-789.9100000000001
-839.94
-839.97
-893.1400000000001
-893.1700000000001
-895.5400000000001
-895.57
-812.5
-812.53
-839.4200000000001
-839.45
-768.34
-768.37
-948.3500000000001
-948.3800000000001
-869.03
-869.0600000000001
-796.44
-796.47
-908.4000000000001
-908.4300000000001
-861.6800000000001
-861.71
-874.8700000000001
-874.9000000000001
-759.34
-759.3700000000001
-894.46
-894.49
-872.89
-872.9200000000001
-850.1700000000001
-850.2
-875.53
-875.56
-912.54
-912.5699999999999
-848.51
-848.54
-783.35
-783.38
-907.94
-907.97
-889.7
-889.73
-892.75
-892.78
-860.99
-861.0200000000001
-885.5200000000001
-885.5500000000001
-874.61
-874.6400000000001
-893.6600000000001
-893.69
-819.07
-819.1
-814.3100000000001
-814.34
-767.8599999999999
-767.89
-888.3
-888.33
-826.13
-826.1600000000001
-823.3199999999999
-823.35
-897.37
-897.4000000000001
-865.02
-865.0500000000001
-836.72
-836.75
-967.42
-967.45
-905.6
-905.63
-846.02
-846.05
-912.45
-912.48
-801.29
-801.31
-798.5400000000001
-798.57
-862.9300000000001
-862.96
-852.53
-852.56
-843.31
-843.34
-925.3299999999999
-925.36
-840.6700000000001
-840.7
-849.49
-849.5200000000001
-833.76
-833.79
-912.27
-912.3000000000001
-829.21
-829.24
-936.9
-936.9300000000001
-851.99
-852.01
-894.44
-894.47
-880.78
-880.81
-974.6500000000001
-974.6800000000001
-886.87
-886.9000000000001
-782.6700000000001
-782.7
-846.1
-846.13
-924.1800000000001
-924.21
-830.8399999999999
-830.86
-845.0900000000001
-845.1100000000001
-874.9000000000001
-874.9300000000001
-808.94
-808.9700000000001
-928.93
-928.96
-818.6200000000001
-818.6400000000001
-874.5
-874.53
-842.83
-842.86
-840.45
-840.48
-882.5700000000002
-882.6000000000001
-845.1100000000001
-845.1400000000001
-857.71
-857.74
-917.03
-917.0600000000001
-824.0400000000001
-824.07
-844.55
-844.58
-846.92
-846.94
-868.0400000000001
-868.07
-802.4200000000001
-802.45
-899.29
-899.31
-920.4300000000001
-920.46
-847.62
-847.6500000000001
-818.6000000000001
-818.6300000000001
-884.1400000000001
-884.1700000000001
-887.03
-887.06
-835.41
-835.43
-818.8000000000001
-818.8300000000002
-887.88
-887.9100000000001
-878.8299999999999
-878.8599999999999
-812.99
-813.02
-835.28
-835.31
-859.4300000000001
-859.46
-858.0900000000001
-858.1200000000001
-791.97
-792.0
-829.52
-829.55
-847.35
-847.3800000000001
-866.6500000000001
-866.6800000000001
-866.21
-866.24
-823.6600000000001
-823.69
-874.78
-874.81
-863.32
-863.35
-936.95
-936.98
-866.6300000000001
-866.6600000000001
-818.82
-818.8500000000001
-885.6600000000001
-885.6800000000001
-876.5400000000001
-876.57
-845.45
-845.48
-833.02
-833.05
-894.2
-894.23
-709.21
-709.24
-823.29
-823.3199999999999
-901.6300000000001
-901.6500000000001
-889.0
-889.03
-876.34
-876.37
-842.74
-842.77
-822.04
-822.07
-939.51
-939.54
-899.9100000000001
-899.94
-883.52
-883.55
-873.0500000000001
-873.0800000000002
-863.0400000000001
-863.07
-909.76
-909.79
-887.49
-887.52
-766.8800000000001
-766.9100000000001
-783.68
-783.71
-903.8200000000002
-903.8400000000001
-805.85
-805.88
-807.07
-807.1
-819.38
-819.4100000000001
-892.86
-892.8900000000001
-863.61
-863.63
-875.5699999999999
-875.5999999999999
-868.16
-868.1899999999999
-923.08
-923.11
-898.73
-898.76
-824.74
-824.77
-813.0400000000001
-813.07
-837.8800000000001
-837.9100000000001
-868.8399999999999
-868.87
-771.6500000000001
-771.6800000000001
-758.94
-758.97
-827.5600000000001
-827.59
-903.75
-903.78
-902.8800000000001
-902.9100000000001
-809.1500000000001
-809.1800000000001
-909.07
-909.1000000000001
-928.01
-928.04
-869.58
-869.6
-862.84
-862.87
-858.8499999999999
-858.88
-854.59
-854.61
-840.69
-840.72
-808.19
-808.22
-890.6800000000001
-890.71
-858.1500000000001
-858.1800000000001
-895.36
-895.39
-788.48
-788.5100000000001
-888.4100000000001
-888.44
-894.4600000000002
-894.4900000000001
-873.4100000000001
-873.44
-782.04
-782.0699999999999
-839.87
-839.9
-892.5699999999999
-892.6
-852.6000000000001
-852.6300000000001
-855.47
-855.5
-915.7
-915.7300000000001
-887.4200000000001
-887.45
-821.1200000000001
-821.1500000000001
-934.35
-934.37
-847.5400000000001
-847.57
-882.84
-882.87
-843.39
-843.41
-844.21
-844.24
-831.82
-831.85
-882.47
-882.5
-827.6700000000001
-827.7
-886.7
-886.7200000000001
-817.57
-817.6
-915.6200000000001
-915.6500000000001
-845.5
-845.53
-876.8800000000001
-876.9100000000001
-883.38
-883.41
-890.97
-891.0
-941.21
-941.24
-901.07
-901.1000000000001
-940.4000000000001
-940.4300000000001
-937.8300000000002
-937.8600000000001
-838.1300000000001
-838.1600000000001
-822.3100000000001
-822.34
-845.86
-845.8900000000001
-911.6300000000001
-911.6600000000001
-819.3900000000001
-819.4200000000001
-834.3499999999999
-834.38
-753.66
-753.6800000000001
-767.08
-767.11
-863.27
-863.3000000000001
-798.27
-798.3000000000001
-853.4
-853.4200000000001
-836.1700000000001
-836.2
-850.1500000000001
-850.1800000000001
-919.8000000000001
-919.8300000000002
-908.79
-908.82
-804.84
-804.87
-773.45
-773.48
-791.1500000000001
-791.1800000000001
-974.1600000000001
-974.19
-878.6
-878.62
-840.36
-840.3900000000001
-780.74
-780.77
-917.1600000000001
-917.19
-805.29
-805.32
-877.4200000000001
-877.45
-870.46
-870.49
-847.74
-847.77
-829.7400000000001
-829.7700000000001
-860.65
-860.6800000000001
-832.24
-832.27
-876.11
-876.13
-805.03
-805.06
-800.96
-800.99
-830.1600000000001
-830.19
-944.25
-944.28
-842.98
-843.01
-881.2900000000001
-881.32
-816.99
-817.02
-946.86
-946.8900000000001
-733.52
-733.55
-872.31
-872.3399999999999
-928.38
-928.4100000000001
-795.2
-795.23
-839.26
-839.29
-839.02
-839.05
-870.48
-870.51
-826.6300000000001
-826.6600000000001
-883.03
-883.0600000000001
-812.5500000000001
-812.58
-906.4200000000001
-906.45
-839.29
-839.32
-862.4300000000001
-862.46
-888.65
-888.6800000000001
-912.25
-912.28
-863.3199999999999
-863.3499999999999
-916.74
-916.77
-855.1400000000001
-855.1600000000001
-839.51
-839.54
-913.98
-914.01
-875.49
-875.52
-875.87
-875.9
-932.9300000000001
-932.96
-859.3000000000001
-859.33
-912.52
-912.55
-825.58
-825.61
-824.96
-824.99
-868.4000000000001
-868.4300000000001
-763.1400000000001
-763.1700000000001
-916.49
-916.52
-884.24
-884.27
-898.28
-898.3100000000001
-768.99
-769.02
-868.1500000000001
-868.1800000000001
-758.16
-758.19
-853.13
-853.16
-761.65
-761.68
-853.51
-853.54
-812.76
-812.7900000000001
-843.23
-843.2600000000001
-825.6800000000001
-825.71
-887.67
-887.7
-857.03
-857.06
-858.8600000000001
-858.8900000000001
-895.2
-895.23
-900.6600000000001
-900.69
-920.51
-920.54
-809.76
-809.79
-801.45
-801.48
-844.1500000000001
-844.1800000000001
-847.59
-847.62
-933.94
-933.97
-807.13
-807.1600000000001
-879.95
-879.98
-723.46
-723.49
-920.98
-921.01
-832.5900000000001
-832.6200000000001
-922.94
-922.97
-893.6500000000001
-893.6800000000001
-857.45
-857.48
-876.03
-876.0600000000001
-908.94
-908.97
-900.7000000000002
-900.7300000000001
-790.9300000000001
-790.96
-832.55
-832.5799999999999
-850.11
-850.13
-882.4300000000001
-882.46
-968.1100000000001
-968.1400000000001
-918.73
-918.76
-826.5200000000001
-826.5500000000002
-858.51
-858.54
-817.78
-817.81
-801.3299999999999
-801.36
-835.01
-835.04
-809.06
-809.09
-819.75
-819.77
-874.3700000000001
-874.4000000000001
-780.72
-780.75
-914.21
-914.24
-905.5300000000001
-905.5600000000001
-820.95
-820.98
-837.96
-837.99
-880.6500000000001
-880.6800000000001
-841.12
-841.15
-809.99
-810.02
-788.11
-788.14
-846.19
-846.22
-828.24
-828.27
-943.21
-943.23
-795.0
-795.0300000000001
-1001.6700000000002
-1001.7000000000002
-825.06
-825.0899999999999
-912.02
-912.04
-924.5500000000001
-924.58
-952.71
-952.74
-840.98
-841.01
-943.63
-943.6600000000001
-892.33
-892.36
-897.81
-897.8399999999999
-842.9599999999999
-842.9799999999999
-848.14
-848.1700000000001
-841.9300000000001
-841.96
-878.1400000000001
-878.1700000000001
-782.33
-782.3600000000001
-937.31
-937.34
-827.0
-827.03
-909.02
-909.05
-924.48
-924.51
-813.1500000000001
-813.1800000000001
-867.48
-867.51
-883.9300000000001
-883.95
-839.03
-839.06
-871.4100000000001
-871.44
-863.11
-863.1400000000001
-908.26
-908.29
-843.35
-843.3800000000001
-812.1100000000001
-812.1400000000001
-889.19
-889.22
-886.58
-886.61
-838.86
-838.8900000000001
-925.75
-925.78
-812.5699999999999
-812.6
-845.0
-845.03
-860.3299999999999
-860.3599999999999
-877.38
-877.4100000000001
-738.21
-738.24
-928.3599999999999
-928.39
-886.9
-886.9300000000001
-849.25
-849.28
-803.86
-803.8900000000001
-955.48
-955.51
-783.77
-783.79
-901.67
-901.7
-789.98
-790.01
-902.4900000000001
-902.5200000000001
-882.8299999999999
-882.86
-882.58
-882.61
-786.4100000000001
-786.44
-789.6
-789.6300000000001
-841.72
-841.7500000000001
-850.79
-850.82
-882.37
-882.4000000000001
-852.34
-852.37
-881.0600000000001
-881.09
-771.3400000000001
-771.3700000000001
-812.9
-812.9300000000001
-826.8600000000001
-826.8800000000001
-768.58
-768.6100000000001
-872.6700000000001
-872.7
-910.09
-910.11
-880.85
-880.8800000000001
-889.44
-889.47
-803.96
-803.99
-909.77
-909.8
-765.5
-765.53
-865.26
-865.29
-857.08
-857.11
-843.27
-843.3
-893.63
-893.6600000000001
-878.96
-878.99
-884.7500000000001
-884.7800000000001
-930.23
-930.26
-881.86
-881.8900000000001
-817.5699999999999
-817.6
-886.6300000000001
-886.6500000000001
-804.8400000000001
-804.8700000000001
-931.82
-931.85
-754.1300000000001
-754.1600000000001
-869.35
-869.3800000000001
-788.69
-788.72
-871.8800000000001
-871.9100000000001
-751.72
-751.7500000000001
-817.59
-817.62
-844.06
-844.09
-925.25
-925.2800000000001
-866.2
-866.22
-791.59
-791.62
-917.1800000000001
-917.21
-891.02
-891.05
-879.95
-879.98
-836.99
-837.02
-736.1400000000001
-736.1700000000001
-815.01
-815.04
-953.0
-953.02
-955.43
-955.4599999999999
-908.45
-908.48
-837.8
-837.83
-912.4300000000001
-912.46
-896.3800000000001
-896.4100000000001
-846.6400000000001
-846.6700000000001
-922.09
-922.1100000000001
-898.4100000000001
-898.44
-808.76
-808.78
-952.4300000000001
-952.46
-943.4100000000001
-943.44
-817.43
-817.46
-875.73
-875.76
-929.2600000000001
-929.2900000000001
-903.18
-903.21
-935.6800000000001
-935.71
-854.47
-854.5
-897.45
-897.48
-869.95
-869.98
-907.6200000000001
-907.6500000000001
-862.26
-862.29
-860.99
-861.02
-758.7600000000001
-758.7900000000001
-832.1400000000001
-832.1700000000001
-818.4000000000001
-818.4200000000001
-895.3900000000001
-895.4200000000001
-919.73
-919.76
-915.05
-915.08
-813.1400000000001
-813.1700000000001
-819.97
-820.0
-883.6300000000001
-883.6600000000001
-842.5
-842.5300000000001
-782.3
-782.3299999999999
-814.2
-814.23
-860.55
-860.5799999999999
-876.71
-876.74
-808.96
-808.99
-888.6000000000001
-888.6300000000001
-830.44
-830.47
-856.85
-856.88
-870.96
-870.99
-811.03
-811.06
-856.7
-856.73
-836.46
-836.49
-847.02
-847.05
-855.82
-855.8500000000001
-900.27
-900.3
-895.1400000000001
-895.1700000000001
-837.22
-837.25
-804.4300000000001
-804.46
-802.7
-802.73
-866.21
-866.24
-808.2
-808.23
-826.0699999999999
-826.1
-864.66
-864.69
-838.26
-838.29
-855.0500000000001
-855.0800000000002
-806.1500000000001
-806.1800000000001
-826.4200000000001
-826.44
-953.6600000000001
-953.69
-901.96
-901.99
-862.34
-862.37
-902.6700000000001
-902.7
-890.62
-890.65
-943.76
-943.79
-972.23
-972.26
-922.85
-922.8800000000001
-846.45
-846.48
-806.24
-806.27
-821.72
-821.75
-902.06
-902.0799999999999
-916.5300000000001
-916.5600000000002
-835.75
-835.78
-859.1600000000001
-859.19
-837.48
-837.5
-793.4300000000001
-793.45
-899.44
-899.47
-866.24
-866.27
-786.8900000000001
-786.9200000000001
-921.34
-921.3700000000001
-847.31
-847.3399999999999
-948.6500000000001
-948.6800000000001
-829.48
-829.51
-854.74
-854.7700000000001
-827.3299999999999
-827.36
-822.35
-822.3800000000001
-804.52
-804.55
-810.72
-810.7500000000001
-897.01
-897.04
-868.35
-868.3800000000001
-759.1200000000001
-759.1500000000001
-906.1400000000001
-906.1700000000001
-820.83
-820.86
-827.98
-828.01
-944.6400000000001
-944.6600000000001
-907.05
-907.08
-812.44
-812.47
-885.1400000000001
-885.1600000000001
-874.12
-874.1500000000001
-813.3100000000002
-813.3400000000001
-828.86
-828.8900000000001
-809.26
-809.29
-853.25
-853.28
-894.71
-894.73
-930.13
-930.16
-877.6100000000001
-877.6400000000001
-889.6800000000001
-889.71
-831.08
-831.11
-852.9000000000001
-852.9300000000001
-879.13
-879.16
-905.8400000000001
-905.8700000000001
-867.22
-867.25
-808.3600000000001
-808.3900000000001
-948.1800000000001
-948.21
-863.7100000000002
-863.7400000000001
-857.21
-857.24
-917.86
-917.8900000000001
-864.72
-864.7500000000001
-916.3700000000001
-916.4000000000001
-792.69
-792.72
-888.96
-888.99
-841.23
-841.26
-987.21
-987.24
-735.3600000000001
-735.3900000000001
-846.4200000000001
-846.45
-881.21
-881.24
-874.01
-874.0400000000001
-846.73
-846.75
-770.25
-770.28
-898.09
-898.12
-891.48
-891.51
-875.09
-875.12
-960.1200000000001
-960.1500000000001
-923.84
-923.87
-848.11
-848.1400000000001
-816.8600000000001
-816.8900000000001
-846.5600000000001
-846.5900000000001
-740.19
-740.22
-721.32
-721.3500000000001
-863.3900000000001
-863.4200000000001
-738.63
-738.66
-586.1300000000001
-586.1600000000001
-481.61
-481.64000000000004
-430.9
-430.92999999999995
-366.0
-366.03
-278.27
-278.29999999999995
-377.12
-377.15
-102.15999999999998
-102.18999999999998
-130.46999999999997
-130.49999999999997
-147.29999999999998
-147.32999999999998
-33.689999999999976
-33.70999999999997
28.490000000000016
28.460000000000015
-57.65999999999998
-57.68999999999998
26.88000000000002
26.850000000000023
50.070000000000014
50.04000000000001
62.87000000000002
62.84000000000002
99.28000000000003
99.25000000000003
89.64000000000001
89.61000000000001
85.40000000000002
85.37000000000002
154.26000000000002
154.23000000000002
126.66
126.63
86.96000000000002
86.93000000000002
143.24000000000004
143.21000000000004
153.36
153.33
94.64000000000001
94.61000000000001
129.45000000000005
129.42000000000002
174.75
174.72000000000003
208.32000000000002
208.29000000000002
185.65000000000003
185.62000000000003
237.09000000000003
237.06
180.43000000000006
180.40000000000003
163.17000000000002
163.14000000000001
326.39
326.37
212.4
212.37
224.96000000000004
224.93
288.18
288.15
178.68
178.65
236.98000000000002
236.95000000000002
319.32000000000005
319.29
319.81000000000006
319.78000000000003
271.97
271.94000000000005
228.58
228.55
183.14
183.11
271.84000000000003
271.80999999999995
266.11
266.08000000000004
289.91
289.88
238.85000000000002
238.82
212.73000000000002
212.70000000000002
238.85
238.82
350.99
350.96
290.03
290.0
205.93
205.89999999999998
289.34000000000003
289.31
399.74
399.71000000000004
342.35
342.32000000000005
311.61
311.58
352.75
352.72
194.69
194.66
190.23000000000002
190.20000000000005
328.14
328.11
318.56
318.53
306.53
306.5
305.95000000000005
305.92
280.16
280.13000000000005
255.09
255.06000000000003
369.97
369.94000000000005
252.26
252.23
298.59000000000003
298.56000000000006
278.84000000000003
278.81000000000006
359.94
359.90999999999997
362.74
362.71000000000004
344.62
344.59000000000003
337.36
337.33000000000004
230.07
230.04000000000002
324.22
324.19
337.95000000000005
337.92
240.24
240.21
300.73
300.70000000000005
402.97
402.94
338.85
338.82
304.94000000000005
304.91
305.59000000000003
305.56000000000006
298.74
298.71000000000004
308.61
308.58000000000004
460.89
460.86
288.97
288.94000000000005
275.21000000000004
275.18
378.72
378.69
317.59000000000003
317.56
327.15000000000003
327.12
271.61
271.58000000000004
297.96000000000004
297.93
279.70000000000005
279.68
326.31000000000006
326.28000000000003
372.38
372.35
329.79
329.76
405.40999999999997
405.38
318.62
318.59000000000003
302.76
302.73
325.98
325.95
318.77000000000004
318.74
438.19
438.15999999999997
397.35
397.32000000000005
364.41
364.38
388.66
388.63
312.05
312.02
347.24
347.21000000000004
266.4
266.37
352.44000000000005
352.41
303.58000000000004
303.55
451.05000000000007
451.02000000000004
335.36
335.33
432.64
432.61
347.8
347.77
345.22
345.19
326.56
326.53
375.13
375.1
335.96000000000004
335.93
319.3
319.27
358.2
358.16999999999996
345.24
345.21
387.64000000000004
387.61
333.05
333.02
360.15000000000003
360.12
438.12000000000006
438.09000000000003
321.13
321.1
310.93
310.9
365.02000000000004
364.99
414.56000000000006
414.53
388.27
388.24
419.29
419.26
297.00000000000006
296.97
298.22
298.19
264.12
264.09000000000003
387.93
387.9
336.67
336.64
443.08
443.04999999999995
365.13
365.11
413.48
413.45
333.88
333.85
424.68
424.65
389.74
389.71000000000004
351.54
351.51
316.85
316.82
372.55
372.52
350.54999999999995
350.52
353.90999999999997
353.88
314.89
314.86
400.92
400.89
373.13
373.1
385.08000000000004
385.05
311.93
311.9
344.74
344.71000000000004
377.47
377.44
430.08000000000004
430.05
318.39
318.36
341.02
340.99
326.78999999999996
326.76
381.52
381.49
393.63
393.6
376.40999999999997
376.38
352.84000000000003
352.81
417.17
417.14000000000004
402.99
402.96
345.73
345.7
303.55
303.52
405.29
405.26
361.80000000000007
361.77
318.32
318.29
429.11
429.08000000000004
384.58000000000004
384.55
377.14
377.11
391.7
391.66999999999996
425.46000000000004
425.43
397.56
397.53
352.0
351.97
303.15999999999997
303.13
281.97
281.94
340.14
340.11
336.89
336.86
365.13
365.1
402.31
402.28000000000003
415.90000000000003
415.87
346.96000000000004
346.93000000000006
390.55
390.52
310.71000000000004
310.68000000000006
353.65999999999997
353.63
368.06000000000006
368.03000000000003
362.64
362.61
410.53000000000003
410.5
362.64
362.61
351.90000000000003
351.87
253.73000000000005
253.70000000000005
442.09000000000003
442.06000000000006
401.26
401.23
319.34000000000003
319.31999999999994
403.32000000000005
403.28999999999996
352.28
352.25
251.62
251.58999999999997
390.72
390.69
385.72
385.69
445.37
445.34
351.31000000000006
351.28000000000003
391.75
391.72
363.79
363.76
381.37
381.35
395.28999999999996
395.26
395.59000000000003
395.56
371.65999999999997
371.63
364.35
364.32000000000005
385.26000000000005
385.23
341.34000000000003
341.31000000000006
376.5
376.47
377.76
377.72999999999996
445.42
445.39000000000004
394.09
394.06
407.02
406.99
318.14
318.11
340.5
340.47
287.1
287.07000000000005
425.6
425.57
275.35
275.32
415.44000000000005
415.42
408.79999999999995
408.77
367.11
367.08000000000004
378.39
378.36
428.83000000000004
428.8
295.77000000000004
295.74
412.79
412.76
405.07000000000005
405.04
337.39
337.36
432.43
432.4
394.14
394.11
359.54
359.51000000000005
283.78000000000003
283.75
438.37
438.34000000000003
349.73
349.70000000000005
444.59000000000003
444.56000000000006
498.31
498.28
369.78
369.75
381.11
381.08
440.86
440.83
427.37
427.34000000000003
331.70000000000005
331.67
413.40000000000003
413.37
367.83
367.8
394.35
394.32
432.90999999999997
432.88
439.88
439.85
387.51
387.48
472.32000000000005
472.29
454.3
454.27
386.78999999999996
386.76
427.95
427.92
400.89
400.86
399.35
399.32
389.88
389.84999999999997
413.0
412.96999999999997
426.85
426.82000000000005
366.77
366.74
481.34999999999997
481.32
356.42999999999995
356.4
400.36
400.33
380.91
380.88
342.98
342.95
439.33000000000004
439.3
406.51
406.48
330.68000000000006
330.65000000000003
459.58000000000004
459.54999999999995
399.40999999999997
399.38
447.52
447.49
363.52
363.49
489.61
489.58000000000004
388.05
388.02
405.77
405.74
399.01
398.98
421.98
421.95000000000005
380.63
380.6
410.82000000000005
410.79
368.78
368.75
391.66
391.63
361.19000000000005
361.15999999999997
317.88
317.85
419.72
419.69
405.09999999999997
405.07
367.02
367.0
384.59000000000003
384.56000000000006
455.37
455.34
403.44
403.41999999999996
371.36
371.33000000000004
439.11
439.08000000000004
393.3
393.27
486.68
486.65000000000003
441.99
441.96
410.20000000000005
410.17
466.28000000000003
466.25
453.41
453.38
425.66999999999996
425.64
425.48
425.45000000000005
380.44
380.40999999999997
442.62
442.59000000000003
418.64
418.61
337.25
337.22
366.39000000000004
366.36
353.81
353.78
384.88
384.85
375.48
375.45000000000005
437.38
437.35
390.61
390.58000000000004
425.04999999999995
425.02
415.76
415.73
419.75
419.72
384.03000000000003
384.0
375.73
375.70000000000005
362.28999999999996
362.26
401.42
401.39
435.94000000000005
435.91
402.07
402.03999999999996
441.0
440.96999999999997
491.76
491.72999999999996
303.32000000000005
303.29
308.05
308.03000000000003
381.22
381.19
304.17
304.14
432.65
432.62
406.73
406.7
441.98
441.95
372.27000000000004
372.24
426.36
426.33
388.95
388.91999999999996
416.82
416.78999999999996
406.52
406.49
424.09000000000003
424.06
371.03
371.0
385.26
385.23
343.31
343.28
443.99
443.96000000000004
386.86
386.83000000000004
414.89
414.86
397.28
397.24999999999994
385.9
385.88
412.76
412.73
405.14
405.11
425.28
425.25
478.32000000000005
478.28999999999996
456.4599999999999
456.42999999999995
324.83000000000004
324.8
351.81
351.78000000000003
509.75000000000006
509.71999999999997
347.88
347.85
402.19000000000005
402.1600000000001
349.37
349.34
365.61
365.58000000000004
460.83000000000004
460.79999999999995
394.44
394.40999999999997
481.53
481.5
400.38000000000005
400.35
352.66999999999996
352.64
371.34000000000003
371.31000000000006
392.24
392.21
405.76
405.72999999999996
304.07
304.04
375.3
375.27
404.6
404.57
430.38000000000005
430.34999999999997
297.59000000000003
297.56
356.71999999999997
356.69
383.11
383.08
371.15
371.12
400.94000000000005
400.91
346.01000000000005
345.98
423.81
423.78
332.31000000000006
332.28
342.99
342.96000000000004
351.51
351.48
367.22
367.19
314.90999999999997
314.88
425.95000000000005
425.92
269.64000000000004
269.61
313.33000000000004
313.3
411.28999999999996
411.26
313.58
313.55
350.85
350.82000000000005
442.15000000000003
442.12
329.38
329.35
415.76
415.73
325.47
325.44
317.89
317.86
398.66999999999996
398.64
314.05
314.02000000000004
381.08000000000004
381.05
430.66999999999996
430.64
395.2
395.16999999999996
345.77
345.74
323.03
323.0
357.83
357.8
336.40999999999997
336.38
398.93
398.9
452.75
452.72
351.74
351.71
391.05
391.02
362.1
362.07000000000005
358.61
358.58
271.9
271.87
318.37
318.34000000000003
364.15
364.12
309.04
309.01
357.45
357.41999999999996
346.48
346.45000000000005
298.65999999999997
298.63
331.54
331.51
305.67
305.64
317.12
317.09000000000003
445.2900000000001
445.26000000000005
272.53999999999996
272.51
360.39
360.36
324.31
324.28
395.16999999999996
395.14
413.71000000000004
413.68
422.68
422.65
405.35
405.32000000000005
420.76
420.73
403.39
403.36
352.06
352.03
385.99
385.96000000000004
336.56
336.53
355.87
355.84
365.90999999999997
365.88
426.29
426.26
409.96000000000004
409.93
367.26
367.23
416.38
416.35
337.14000000000004
337.11
278.92
278.89
347.53
347.5
355.86
355.83000000000004
416.24
416.21
365.1
365.07000000000005
398.38
398.35
433.52
433.49
384.62
384.59000000000003
391.58000000000004
391.55
431.02
430.99
357.15000000000003
357.12
327.28
327.25
399.59000000000003
399.56000000000006
368.88
368.85
345.48
345.45
413.78000000000003
413.75
394.29
394.26
416.76000000000005
416.73
345.04
345.01
437.14
437.11
384.97
384.94
441.90000000000003
441.87
444.28
444.25
381.69
381.66
386.96000000000004
386.93
441.11
441.08
423.13
423.1
414.98
414.95000000000005
420.65
420.62
445.31
445.28
444.09
444.06
419.55
419.52000000000004
471.5
471.47
473.53
473.5
424.26
424.23
352.11
352.08000000000004
355.94000000000005
355.90999999999997
468.85999999999996
468.83
480.28999999999996
480.26
391.65
391.62
386.86
386.83000000000004
326.96000000000004
326.93
393.03999999999996
393.01
447.56
447.53
459.62
459.59000000000003
471.68999999999994
471.66999999999996
416.30999999999995
416.28
436.86
436.83000000000004
387.21999999999997
387.18999999999994
466.43
466.4
431.98
431.95
436.74
436.71
324.70000000000005
324.67
459.88
459.85
366.07
366.04
366.67
366.64
405.43000000000006
405.40000000000003
447.30000000000007
447.27000000000004
307.18
307.15
378.81
378.78
354.84000000000003
354.81
401.39
401.36
380.65000000000003
380.62
440.49
440.46000000000004
416.12
416.09000000000003
413.09000000000003
413.05999999999995
439.65
439.62
392.77
392.74
453.36
453.33000000000004
439.95
439.91999999999996
480.69000000000005
480.66
390.18
390.15
441.81
441.78000000000003
339.56000000000006
339.53
461.17999999999995
461.15
454.45000000000005
454.42
441.8
441.77
396.13
396.1
472.27
472.24
394.57
394.53999999999996
345.84000000000003
345.81000000000006
452.94000000000005
452.90999999999997
395.96
395.92999999999995
343.7800000000001
343.75
397.96999999999997
397.93999999999994
444.83
444.8
436.74
436.71
462.43000000000006
462.4000000000001
358.1
358.07000000000005
454.28
454.25
395.99
395.96000000000004
447.66
447.63
493.5
493.46999999999997
445.06000000000006
445.03
435.12
435.09000000000003
409.95000000000005
409.91999999999996
421.48
421.45000000000005
396.16999999999996
396.14
446.66
446.63
406.1
406.07000000000005
441.06
441.03
480.35
480.32000000000005
398.86
398.83
452.98
452.95
399.25000000000006
399.22
475.53999999999996
475.51
393.13
393.1
416.29
416.26
459.90999999999997
459.88
322.75
322.72
431.24
431.21000000000004
435.73
435.7
350.4
350.37
432.11
432.09
449.52
449.49
448.03999999999996
448.01
446.17
446.14
396.05000000000007
396.02
393.03000000000003
393.0
438.12
438.09000000000003
374.46
374.43
455.63
455.59999999999997
411.08000000000004
411.05
387.13
387.1
390.25
390.22
522.42
522.39
430.17
430.14
423.6700000000001
423.64000000000004
446.41
446.38
468.58000000000004
468.54999999999995
371.03
371.0
378.38
378.35
450.72
450.69000000000005
465.98
465.95000000000005
470.88
470.85
474.57000000000005
474.53999999999996
420.9
420.87
449.76
449.73
433.06999999999994
433.03999999999996
447.78
447.75
438.73
438.70000000000005
511.91
511.88
411.4
411.37
479.87
479.84
410.98
410.95
393.24
393.21000000000004
422.83000000000004
422.80000000000007
493.05
493.02000000000004
444.31000000000006
444.28000000000003
516.21
516.18
452.65999999999997
452.63
455.45000000000005
455.43
413.89
413.86
392.07
392.03999999999996
436.26
436.23
458.93
458.9
446.98
446.95000000000005
366.70000000000005
366.67
434.63
434.6
361.36
361.33
431.74
431.71000000000004
435.03999999999996
435.01
329.81000000000006
329.78000000000003
447.35
447.31999999999994
457.73
457.70000000000005
506.45000000000005
506.42
348.1
348.07
312.40999999999997
312.38
349.36
349.33000000000004
372.63
372.6
483.39
483.36
480.64
480.61
425.23
425.2
411.87
411.84000000000003
410.15
410.12
457.73
457.7
437.86
437.84000000000003
400.53
400.5
417.28999999999996
417.26
342.28
342.25
437.42999999999995
437.4
367.44
367.41999999999996
490.33000000000004
490.3
461.06999999999994
461.03999999999996
517.21
517.1800000000001
352.47
352.44
432.94
432.91
337.31000000000006
337.28000000000003
449.15000000000003
449.12
469.97
469.94
315.28999999999996
315.26
502.06
502.03
377.59000000000003
377.56
429.44000000000005
429.41
502.57
502.54
397.76
397.73
414.86
414.83
308.58
308.55
435.38
435.35
508.4200000000001
508.39000000000004
493.74
493.71000000000004
476.46000000000004
476.43
439.91
439.88
449.55999999999995
449.53
380.22
380.19
396.78
396.75
496.96
496.93
420.35
420.32
454.30000000000007
454.27000000000004
438.17999999999995
438.15
427.23
427.19999999999993
427.55
427.52
440.21999999999997
440.19
452.42999999999995
452.4
443.72999999999996
443.7
412.13
412.1
440.15
440.12
509.5799999999999
509.54999999999995
421.29999999999995
421.27
451.32
451.29
430.55999999999995
430.53
403.95000000000005
403.91999999999996
483.81
483.78
392.04
392.01
437.95000000000005
437.9200000000001
386.65999999999997
386.63
419.54999999999995
419.52
453.12
453.09000000000003
369.05
369.02
-1355.25
-1355.29
348.68000000000006
348.64000000000004
-411.24
-411.28
-402.37
-402.41
-462.51
-462.55
-498.76
-498.78999999999996
-385.81
-385.85
-485.93000000000006
-485.97
-461.12
-461.16
-432.94
-432.98
-383.23
-383.27000000000004
-343.85
-343.89
-313.12
-313.15999999999997
-290.75
-290.78999999999996
-331.15999999999997
-331.2
-321.29
-321.33000000000004
-276.92
-276.96000000000004
-186.18999999999997
-186.21999999999997
-240.60999999999999
-240.64999999999998
-186.85
-186.89
-226.4
-226.44
-196.01
-196.04
-215.02999999999997
-215.07
-97.81999999999998
-97.85999999999999
-171.89
-171.93
-147.54000000000002
-147.57
-102.71999999999997
-102.75999999999996
-162.87999999999997
-162.92
-24.94999999999998
-24.979999999999983
-115.17999999999998
-115.21999999999998
-12.639999999999986
-12.679999999999986
-23.099999999999994
-23.139999999999993
-18.01999999999998
-18.059999999999977
-15.119999999999973
-15.159999999999975
-12.74999999999997
-12.779999999999971
78.59000000000003
78.55000000000003
84.95000000000002
84.91000000000003
83.71000000000004
83.67000000000003
-3.959999999999969
-3.9999999999999716
93.04000000000003
93.00000000000003
64.82000000000002
64.79000000000002
30.71000000000003
30.67000000000003
31.630000000000035
31.590000000000035
-3.42999999999998
-3.4699999999999793
-17.669999999999973
-17.709999999999976
41.70000000000002
41.66000000000002
14.600000000000021
14.560000000000022
-35.989999999999974
-36.02999999999997
11.440000000000026
11.400000000000027
-35.999999999999986
-36.03999999999998
7.710000000000026
7.680000000000025
5.32000000000002
5.280000000000019
-3.769999999999982
-3.809999999999981
20.18000000000003
20.140000000000025
-80.63999999999999
-80.67999999999998
-87.25999999999998
-87.29999999999998
-86.91
-86.94999999999999
-138.74
-138.76999999999998
-85.57999999999998
-85.61999999999999
-124.33999999999999
-124.38
-73.65999999999997
-73.69999999999997
-69.15999999999998
-69.19999999999999
-118.93999999999997
-118.96999999999997
-73.75999999999999
-73.79999999999998
-105.44
-105.47999999999999
-163.26999999999998
-163.31
-151.14
-151.18
-79.49999999999997
-79.53999999999999
-87.45999999999998
-87.49999999999997
-90.63999999999999
-90.67999999999998
-152.95
-152.98999999999998
-124.87999999999998
-124.91999999999999
-138.89
-138.93
-35.649999999999984
-35.68999999999998
-180.22
-180.25
-98.17999999999998
-98.22
-181.89
-181.92999999999998
-35.31999999999999
-35.359999999999985
-40.28999999999997
-40.32999999999997
-90.05999999999997
-90.09999999999998
-50.93999999999997
-50.96999999999997
-4.729999999999981
-4.769999999999985
-14.419999999999977
-14.45999999999998
-4.569999999999974
-4.609999999999975
55.320000000000036
55.28000000000003
10.580000000000023
10.550000000000022
41.560000000000024
41.52000000000003
1.7400000000000215
1.7000000000000224
10.010000000000025
9.970000000000026
22.020000000000024
21.980000000000025
-14.459999999999978
-14.499999999999977
13.280000000000008
13.240000000000009
7.630000000000031
7.590000000000025
9.220000000000029
9.190000000000028
26.400000000000023
26.360000000000024
59.380000000000024
59.340000000000025
23.72000000000002
23.680000000000028
36.810000000000024
36.770000000000024
65.63000000000002
65.60000000000002
33.77000000000003
33.730000000000025
76.23000000000002
76.19000000000003
66.61000000000001
66.57000000000002
-8.939999999999971
-8.969999999999972
37.17000000000002
37.130000000000024
55.940000000000026
55.90000000000002
71.92000000000002
71.88000000000002
-46.26999999999998
-46.30999999999999
54.590000000000025
54.550000000000026
23.100000000000023
23.060000000000024
-18.909999999999982
-18.94999999999998
35.49000000000003
35.45000000000003
-18.73999999999998
-18.77999999999998
-65.77999999999997
-65.81999999999998
-58.219999999999985
-58.259999999999984
-75.69999999999997
-75.73999999999997
-42.129999999999974
-42.16999999999997
-100.80999999999997
-100.85
-91.00999999999998
-91.04999999999998
-64.53999999999999
-64.57999999999998
-119.92999999999998
-119.96999999999998
-202.17999999999998
-202.21999999999997
-152.63
-152.66
-204.86999999999995
-204.90999999999997
-164.89
-164.93
-193.5
-193.54
-172.72
-172.75
-274.04
-274.08000000000004
-166.92000000000002
-166.96
-212.66
-212.7
-263.73
-263.77
-262.21000000000004
-262.25
-195.39000000000004
-195.43
-282.48
-282.52
-222.66
-222.7
-327.05
-327.08000000000004
-272.81
-272.85
-329.33
-329.37
-261.28999999999996
-261.33
-295.46000000000004
-295.5
-309.0
-309.04
-284.51
-284.54999999999995
-271.47
-271.51
-298.6
-298.64
-348.6
-348.64
-297.6
-297.64
-276.25
-276.29
-323.48
-323.52
-263.78
-263.81
-286.9
-286.94
-257.94
-257.97
-305.3299999999999
-305.36999999999995
-282.32000000000005
-282.35
-344.2
-344.24
-297.52
-297.56
-289.18000000000006
-289.22
-354.86
-354.90000000000003
-294.1
-294.14
-314.53
-314.57
-348.35
-348.39
-354.39
-354.43
-278.26
-278.3
-259.98
-260.02
-300.0
-300.03999999999996
-315.59000000000003
-315.63
-376.88000000000005
-376.9200000000001
-325.18
-325.22
-272.07
-272.11
-299.70000000000005
-299.74
-247.49
-247.52
-346.85
-346.89
-248.28999999999996
-248.32999999999998
-323.4
-323.44
-331.63
-331.67
-259.49
-259.53
-293.95
-293.99
-266.74
-266.77
-314.40999999999997
-314.45
-350.86
-350.9
-311.9
-311.94000000000005
-221.33999999999997
-221.38
-249.2
-249.23000000000002
-275.32000000000005
-275.36
-267.7
-267.73
-267.48
-267.51
-261.0
-261.04
-181.36999999999998
-181.39999999999998
-292.41999999999996
-292.46000000000004
-305.27
-305.31
-300.09000000000003
-300.13
-223.12
-223.16
-236.65
-236.69
-282.59000000000003
-282.63
-301.46
-301.5
-299.40999999999997
-299.45000000000005
-153.29
-153.32
-285.28
-285.32
-177.37
-177.41
-249.64
-249.68
-238.84
-238.88
-220.79000000000002
-220.83
-244.07
-244.11
-251.77999999999997
-251.82
-155.46999999999997
-155.51
-220.97
-221.0
-188.39999999999998
-188.44
-158.82999999999998
-158.87
-186.19
-186.23
-173.6
-173.64
-184.92
-184.95999999999998
-210.02999999999997
-210.07
-218.36
-218.39999999999998
-205.29
-205.32
-246.59
-246.62
-204.53
-204.57
-231.63
-231.67
-166.31
-166.34999999999997
-228.31
-228.35000000000002
-195.44
-195.48
-188.62999999999997
-188.66999999999996
-225.65
-225.69
-203.88
-203.92
-170.76
-170.79999999999998
-220.64999999999998
-220.69
-100.47999999999999
-100.52
-142.63
-142.65999999999997
-227.0
-227.04000000000002
-228.09
-228.13
-131.88
-131.91
-143.07999999999998
-143.12
-186.99
-187.03
-225.36
-225.39999999999998
-155.73999999999998
-155.77999999999997
-143.66
-143.69
-178.26
-178.3
-199.92000000000002
-199.96
-189.62
-189.66000000000003
-219.1
-219.14
-234.57999999999998
-234.62
-190.77999999999997
-190.82
-182.73
-182.76999999999998
-265.36
-265.40000000000003
-153.23
-153.26999999999998
-246.37
-246.41000000000003
-189.3
-189.34
-236.01999999999998
-236.06
-299.23
-299.26
-126.39000000000001
-126.43
-220.65999999999997
-220.7
-224.08999999999997
-224.13
-196.94
-196.98
-256.06
-256.1
-160.68
-160.72
-147.83999999999997
-147.87
-153.10999999999999
-153.14
-110.24999999999999
-110.28999999999999
-175.38
-175.42
-144.69
-144.73
-141.92
-141.95999999999998
-81.66
-81.69999999999999
-140.35
-140.39
-80.87999999999998
-80.91999999999999
-195.34999999999997
-195.39
-55.61999999999998
-55.65999999999998
-141.22999999999996
-141.26999999999998
-101.87
-101.91
-112.53999999999999
-112.57999999999998
-171.5
-171.54
-71.74999999999999
-71.78999999999999
-103.46
-103.49999999999999
-137.45
-137.48999999999998
-128.70999999999998
-128.75
-105.87999999999998
-105.91999999999999
-72.43999999999997
-72.47999999999998
-93.57999999999997
-93.60999999999999
-113.8
-113.83999999999999
-116.51999999999998
-116.55999999999999
-67.72999999999999
-67.76999999999998
-67.69999999999997
-67.73999999999998
-154.0
-154.04
-154.53
-154.57
-140.24
-140.27999999999997
-128.49
-128.53
-125.17999999999999
-125.21999999999998
-192.92
-192.95999999999998
-225.9
-225.94
-65.05999999999999
-65.1
-210.86
-210.9
-120.48999999999998
-120.53
-224.35
-224.39
-138.49
-138.53
-232.44
-232.48000000000002
-110.67999999999998
-110.72
-172.12
-172.16
-106.03999999999998
-106.06999999999998
-141.20999999999998
-141.25
-191.28999999999996
-191.32999999999998
-226.32999999999998
-226.37
-154.95999999999998
-155.0
-151.60999999999999
-151.64999999999998
-136.46999999999997
-136.51
-211.47999999999996
-211.51999999999998
-100.66
-100.69999999999999
-153.69
-153.73
-145.92
-145.95999999999998
-115.95999999999998
-115.99999999999997
-140.07999999999998
-140.10999999999999
-171.14
-171.18
-102.42999999999999
-102.47
-43.829999999999984
-43.86999999999998
-133.45999999999998
-133.49999999999997
-76.62999999999998
-76.66999999999999
-104.16
-104.19999999999999
-37.05999999999999
-37.08999999999999
18.270000000000024
18.23000000000002
-57.09999999999999
-57.139999999999986
-48.069999999999986
-48.109999999999985
-95.03999999999999
-95.07999999999998
31.09000000000002
31.050000000000022
-51.01999999999998
-51.05999999999999
90.69000000000003
90.65000000000002
-4.449999999999985
-4.489999999999977
-56.89999999999998
-56.939999999999976
6.400000000000021
6.360000000000021
16.920000000000023
16.880000000000024
-24.959999999999976
-24.999999999999975
-72.45999999999998
-72.48999999999998
-31.57999999999998
-31.60999999999998
-90.76999999999998
-90.80999999999999
-154.71999999999997
-154.76
-54.74999999999997
-54.78999999999998
-171.81
-171.83999999999997
-150.02999999999997
-150.06
-178.48
-178.51999999999998
-198.05
-198.08999999999997
-187.31
-187.35
-239.49
-239.53000000000003
-190.54
-190.57999999999998
-245.19
-245.21999999999997
-222.7
-222.72999999999996
-174.91999999999996
-174.95999999999998
-218.98999999999998
-219.02999999999997
-271.85
-271.89
-213.15999999999997
-213.2
-196.54
-196.57
-168.07
-168.10999999999999
-194.48000000000002
-194.51999999999998
-271.21000000000004
-271.24
-135.31
-135.35
-204.27999999999997
-204.32
-213.47
-213.5
-211.44
-211.48
-165.07999999999998
-165.12
-205.93
-205.97000000000003
-207.98999999999998
-208.02999999999997
-186.49
-186.52999999999997
-119.49
-119.52999999999999
-187.29999999999998
-187.33999999999997
-177.29999999999998
-177.33999999999997
-185.53999999999996
-185.57999999999998
-147.89999999999998
-147.94
-154.73999999999998
-154.77999999999997
-192.35
-192.38
-162.90999999999997
-162.95
-147.2
-147.23999999999998
-229.21
-229.25
-114.41
-114.44999999999999
-236.55999999999997
-236.58999999999997
-248.27
-248.31
-195.31
-195.35000000000002
-177.62999999999997
-177.67
-219.20999999999998
-219.25
-237.06
-237.1
-269.46000000000004
-269.5
-179.13
-179.16999999999996
-155.65999999999997
-155.7
-262.34000000000003
-262.38
-161.42
-161.45999999999998
-112.07999999999998
-112.11999999999998
-155.42
-155.45
-179.21999999999997
-179.26
-130.82
-130.85
-199.01
-199.04999999999998
-143.92
-143.95999999999998
-184.72
-184.75
-190.59
-190.63
-108.39999999999999
-108.44
-271.45
-271.49
-238.88
-238.92
-259.57
-259.61
-261.68999999999994
-261.73
-259.86
-259.90000000000003
-203.25
-203.29000000000002
-241.82
-241.85000000000002
-211.15999999999997
-211.2
-274.58
-274.62
-162.18
-162.21999999999997
-158.98999999999998
-159.03
-254.26000000000002
-254.3
-153.35000000000002
-153.39000000000001
-307.3
-307.34
-210.37
-210.41
-231.95999999999998
-232.0
-189.46999999999997
-189.51
-177.8
-177.84
-200.31
-200.35
-152.54
-152.57
-147.04999999999995
-147.08999999999997
-128.3
-128.34
-153.85
-153.89
-171.57999999999998
-171.60999999999999
-92.88999999999999
-92.91999999999999
-69.74999999999997
-69.78999999999998
-194.66
-194.7
-132.79
-132.82999999999998
-110.16
-110.19
-118.73999999999998
-118.77999999999997
-136.87
-136.89999999999998
-184.26999999999998
-184.31
-116.57999999999998
-116.61999999999999
-105.05999999999999
-105.1
-183.32
-183.36
-141.42
-141.45999999999998
-108.32999999999998
-108.36999999999998
-153.01
-153.04999999999998
-157.29
-157.32999999999998
-138.64999999999998
-138.68999999999997
-109.61999999999998
-109.65999999999998
-138.35000000000002
-138.39
-172.26
-172.3
-160.54
-160.57999999999998
-185.07999999999998
-185.11
-96.53999999999999
-96.57999999999998
-210.58999999999997
-210.63
-201.57999999999998
-201.62
-93.58999999999997
-93.61999999999998
-183.20999999999998
-183.25
-145.37
-145.41
-187.49999999999997
-187.53999999999996
-284.68
-284.72
-189.01999999999998
-189.06
-158.57
-158.60999999999999
-129.78999999999996
-129.82999999999998
-154.58999999999997
-154.63
-72.84999999999998
-72.88999999999999
-136.69999999999996
-136.73999999999995
-97.47999999999999
-97.51999999999998
-109.15999999999998
-109.19999999999999
-35.53999999999998
-35.57999999999998
-152.86999999999998
-152.90999999999997
-61.079999999999984
-61.119999999999976
-142.61
-142.64999999999998
-80.51999999999998
-80.55999999999997
-168.82999999999998
-168.87
-105.91999999999999
-105.94999999999999
-82.41
-82.44999999999999
-77.85999999999999
-77.89999999999998
-95.0
-95.03999999999999
-119.55999999999999
-119.59999999999998
-118.43999999999998
-118.47999999999999
-144.01
-144.05
-176.88
-176.92000000000002
-161.79
-161.82999999999998
-184.23
-184.26999999999998
-160.51
-160.55
-117.31999999999998
-117.35999999999999
-161.03
-161.07
-132.60999999999999
-132.64999999999998
-157.95999999999998
-158.0
-148.39999999999998
-148.43
-139.67999999999998
-139.71999999999997
-169.33999999999997
-169.38
-80.69999999999999
-80.74
-107.03999999999999
-107.08
-26.549999999999983
-26.589999999999982
-91.49999999999997
-91.53999999999996
-46.47999999999998
-46.51999999999998
-25.359999999999978
-25.399999999999977
-47.54999999999998
-47.589999999999975
-77.76999999999998
-77.80999999999997
-13.559999999999986
-13.599999999999985
0.35000000000002274
0.3100000000000165
18.130000000000027
18.100000000000026
62.530000000000015
62.500000000000014
-23.089999999999975
-23.129999999999974
72.99000000000001
72.95000000000002
1.9700000000000273
1.9300000000000317
48.590000000000025
48.55000000000002
24.59000000000002
24.560000000000024
40.520000000000024
40.480000000000025
-13.859999999999973
-13.899999999999972
3.130000000000024
3.0900000000000247
9.210000000000022
9.17000000000002
44.07000000000002
44.03000000000002
47.99000000000002
47.950000000000024
50.200000000000024
50.16000000000002
55.580000000000034
55.54000000000003
97.41000000000003
97.37000000000003
55.79000000000003
55.75000000000002
-29.069999999999972
-29.10999999999997
-27.18999999999998
-27.229999999999976
34.07000000000002
34.03000000000003
17.90000000000002
17.860000000000017
116.67000000000002
116.64000000000001
-4.619999999999969
-4.64999999999997
97.92000000000003
97.88000000000004
99.94000000000003
99.90000000000002
127.19000000000005
127.15000000000003
143.58000000000004
143.54000000000002
107.82000000000004
107.78000000000003
126.63000000000002
126.60000000000002
189.38000000000005
189.34000000000003
160.43000000000004
160.39000000000004
244.12000000000003
244.08
128.98000000000002
128.94000000000003
216.33000000000004
216.29000000000005
187.37
187.33000000000004
120.66000000000003
120.62000000000003
97.53000000000003
97.49000000000002
172.03000000000003
171.99000000000004
120.20000000000002
120.16000000000003
164.21000000000004
164.18
82.65
82.61000000000001
89.24000000000002
89.21000000000004
77.52000000000004
77.49000000000004
50.47000000000003
50.43000000000003
32.510000000000026
32.47000000000003
32.160000000000025
32.120000000000026
51.86000000000003
51.82000000000003
24.330000000000023
24.300000000000022
73.20000000000002
73.16000000000003
43.880000000000024
43.840000000000025
67.54000000000002
67.50000000000003
116.63000000000002
116.59000000000003
114.93000000000004
114.89000000000003
135.35000000000002
135.31000000000003
109.04000000000002
109.00000000000003
179.10000000000002
179.06000000000003
103.18000000000004
103.14000000000003
161.73000000000005
161.69000000000005
195.85000000000002
195.81000000000006
86.38000000000002
86.34000000000003
99.26000000000003
99.22000000000003
144.77000000000004
144.73000000000005
122.23000000000003
122.19000000000003
131.04000000000002
131.0
67.08000000000003
67.04000000000002
125.37000000000003
125.33000000000003
99.33000000000003
99.29000000000003
139.67000000000004
139.63000000000005
138.96000000000004
138.92000000000002
86.16000000000003
86.12000000000003
107.01000000000002
106.97000000000003
87.21000000000002
87.17000000000003
10.010000000000023
9.970000000000024
54.270000000000024
54.24000000000002
98.28000000000002
98.24000000000002
53.49000000000003
53.45000000000003
37.39000000000003
37.36000000000003
47.53000000000003
47.49000000000002
109.39000000000004
109.35000000000005
58.000000000000014
57.960000000000015
61.33000000000003
61.290000000000035
89.82000000000002
89.78000000000003
68.75000000000003
68.71000000000002
70.32000000000002
70.28
47.57000000000002
47.530000000000015
76.24000000000002
76.20000000000002
124.91000000000001
124.87000000000002
78.41000000000003
78.37000000000003
70.97000000000003
70.93000000000002
108.51000000000003
108.47000000000003
124.15000000000003
124.11000000000004
66.12000000000003
66.08000000000003
129.78000000000003
129.74
134.66000000000003
134.62000000000003
124.83000000000004
124.79000000000005
151.40000000000003
151.36
174.92000000000002
174.88000000000005
208.97000000000003
208.93
256.99
256.95000000000005
175.09000000000003
175.05000000000004
266.64000000000004
266.61
257.27000000000004
257.23
235.84000000000003
235.80000000000004
252.06
252.02000000000004
268.57000000000005
268.53000000000003
277.0400000000001
277.00000000000006
231.48000000000002
231.44000000000005
238.18
238.14000000000004
238.73000000000005
238.69000000000005
236.85000000000002
236.81000000000003
208.42000000000002
208.38
234.43
234.40000000000003
231.40000000000003
231.36
227.95000000000002
227.92000000000002
229.23000000000002
229.19000000000003
228.14000000000004
228.10000000000002
220.86000000000004
220.83000000000004
193.85000000000002
193.81000000000003
210.48000000000002
210.45000000000005
208.46000000000004
208.42000000000004
202.94000000000003
202.90000000000003
187.36000000000004
187.32000000000005
182.93000000000004
182.89000000000004
208.63000000000005
208.59000000000003
230.19
230.15
246.78000000000003
246.74000000000004
213.68
213.64000000000001
256.31000000000006
256.27
192.84000000000003
192.80000000000004
194.04000000000002
194.00000000000003
290.5
290.46000000000004
201.01000000000002
200.97000000000003
222.90000000000003
222.86
220.39000000000004
220.35000000000005
265.18000000000006
265.14000000000004
226.18000000000004
226.14000000000004
227.25
227.21
310.13
310.09000000000003
323.30000000000007
323.26
360.0
359.96000000000004
386.18000000000006
386.14000000000004
393.4100000000001
393.37000000000006
379.19000000000005
379.15000000000003
451.68000000000006
451.6400000000001
484.46000000000004
484.4200000000001
482.82000000000005
482.78000000000003
491.1
491.06
510.4100000000001
510.37
494.86
494.82000000000005
521.98
521.94
522.0800000000002
522.0400000000001
495.2800000000001
495.24000000000007
519.6100000000001
519.57
512.37
512.3299999999999
516.6300000000001
516.5900000000001
507.83000000000004
507.7900000000001
526.58
526.5400000000001
551.3800000000001
551.34
568.8800000000001
568.84
570.6800000000001
570.64
623.96
623.9200000000001
597.1300000000001
597.09
631.6100000000001
631.57
625.5900000000001
625.5500000000002
623.4800000000001
623.44
628.82
628.78
643.73
643.69
645.7900000000002
645.7500000000001
664.5800000000002
664.5400000000002
652.5400000000001
652.5
654.44
654.4000000000001
659.8300000000002
659.7900000000001
665.94
665.9000000000001
672.0900000000001
672.0500000000001
670.7700000000001
670.73
652.6300000000001
652.5900000000001
660.3700000000001
660.3300000000002
654.6
654.5600000000001
670.6800000000001
670.6400000000001
667.58
667.5400000000001
657.1500000000001
657.1100000000001
673.6300000000001
673.5900000000001
655.32
655.28
660.7200000000001
660.6800000000001
662.0600000000001
662.0200000000001
667.6800000000001
667.6400000000001
668.45
668.4100000000001
663.1
663.0600000000001
673.6500000000001
673.6100000000001
674.1100000000001
674.0700000000002
666.6500000000001
666.61
670.7900000000002
670.7500000000001
669.5700000000002
669.5300000000001
682.6000000000001
682.5600000000002
658.0800000000002
658.0400000000001
672.8000000000001
672.76
678.7800000000001
678.7400000000001
674.81
674.77
677.5700000000002
677.5300000000002
684.21
684.1700000000001
661.2700000000001
661.23
682.8500000000001
682.8100000000001
671.54
671.5
674.0800000000002
674.0400000000001
663.1300000000001
663.09
665.3900000000001
665.3500000000001
664.6800000000001
664.6400000000001
674.71
674.6700000000001
660.4100000000001
660.3700000000001
680.0500000000001
680.0100000000001
673.76
673.72
664.1600000000001
664.1200000000001
671.4900000000001
671.4500000000002
669.6100000000001
669.5700000000002
663.3800000000001
663.3400000000001
660.62
660.58
664.95
664.9100000000001
649.75
649.71
659.03
658.99
664.3400000000001
664.3000000000001
654.8600000000001
654.82
643.6000000000001
643.5600000000001
653.1300000000001
653.09
651.1700000000001
651.1300000000001
657.88
657.84
645.5000000000001
645.46
649.3100000000002
649.2700000000001
651.94
651.9000000000001
655.19
655.1500000000001
644.5600000000001
644.52
663.1200000000001
663.0800000000002
654.0
653.96
646.96
646.9200000000001
653.73
653.69
650.8200000000002
650.7800000000001
649.34
649.3
661.9300000000001
661.8900000000001
657.1800000000001
657.1400000000001
652.21
652.1700000000001
653.54
653.5
654.0600000000001
654.02
649.6200000000001
649.58
649.29
649.25
660.1400000000001
660.1000000000001
665.8900000000001
665.8500000000001
653.83
653.79
651.7400000000001
651.7
654.19
654.1500000000001
660.1300000000001
660.0900000000001
663.4200000000001
663.3800000000001
651.1300000000001
651.0900000000001
672.3000000000001
672.2600000000001
646.1400000000001
646.1000000000001
648.23
648.19
652.03
651.99
633.24
633.2
655.6700000000001
655.6300000000001
648.4100000000001
648.3700000000001
631.3400000000001
631.3000000000001
596.0200000000001
595.98
624.8700000000001
624.83
623.34
623.3
634.0600000000001
634.02
631.19
631.1500000000001
618.47
618.4300000000001
634.46
634.4200000000001
612.84
612.8000000000001
615.8199999999999
615.78
620.94
620.9000000000001
626.46
626.4200000000001
621.9200000000001
621.8800000000001
637.2900000000001
637.25
635.8200000000002
635.7800000000001
642.0600000000001
642.0200000000001
654.32
654.28
666.4100000000001
666.3700000000001
662.22
662.1800000000001
660.6300000000001
660.59
657.94
657.9000000000001
676.0400000000001
676.0
670.3800000000001
670.3400000000001
666.3200000000002
666.2800000000001
662.2500000000001
662.2100000000002
678.36
678.32
679.73
679.69
676.1000000000001
676.0600000000001
661.1100000000001
661.07
679.1500000000001
679.1100000000001
699.8500000000001
699.8100000000002
692.0900000000001
692.0500000000001
673.0600000000001
673.0200000000001
684.5700000000002
684.5300000000002
690.3800000000001
690.3400000000001
690.21
690.1700000000001
709.3700000000001
709.3300000000002
697.98
697.94
680.94
680.9000000000001
701.8900000000001
701.8500000000001
692.0400000000001
692.0000000000001
706.7900000000001
706.75
703.44
703.4000000000001
700.2600000000001
700.22
717.48
717.44
706.8300000000002
706.7900000000001
709.8500000000001
709.8100000000002
691.8600000000001
691.8200000000002
710.5900000000001
710.5500000000001
707.2
707.1600000000001
702.9000000000001
702.8600000000001
706.33
706.2900000000001
718.5200000000001
718.48
709.46
709.4200000000001
705.7
705.6600000000001
716.7900000000002
716.7500000000002
708.3900000000001
708.3500000000001
726.71
726.6700000000001
712.4100000000001
712.3700000000001
717.2800000000001
717.2400000000001
729.6800000000001
729.6400000000001
729.4400000000002
729.4000000000001
714.6200000000001
714.5800000000002
710.5900000000001
710.5500000000002
717.1100000000001
717.0700000000002
728.1300000000001
728.0900000000001
725.6300000000001
725.59
732.5900000000001
732.5500000000001
730.4100000000002
730.3700000000001
739.2700000000002
739.2300000000001
735.8500000000001
735.8100000000001
727.6500000000002
727.6100000000001
745.7500000000002
745.7100000000002
731.7000000000002
731.6600000000001
725.7200000000001
725.6800000000002
739.0300000000002
738.9900000000001
734.9800000000001
734.9400000000002
730.45
730.4100000000001
720.9800000000001
720.94
724.7600000000002
724.7200000000003
711.5500000000002
711.5100000000001
694.0900000000001
694.0500000000002
700.7400000000001
700.7
686.9600000000002
686.9200000000001
672.0100000000001
671.9700000000001
673.6100000000001
673.5700000000002
647.0100000000001
646.9700000000001
645.94
645.9
634.3800000000001
634.3400000000001
605.73
605.69
608.95
608.9100000000001
609.5600000000001
609.5200000000001
583.79
583.75
594.9000000000001
594.8600000000001
546.98
546.94
530.01
529.97
509.70000000000005
509.66
515.58
515.54
542.02
541.98
522.52
522.48
502.62000000000006
502.58000000000004
494.23
494.19000000000005
477.67
477.63
436.81000000000006
436.77000000000004
430.31000000000006
430.2800000000001
467.33000000000004
467.29
463.84000000000003
463.8
350.16
350.12
368.38000000000005
368.34000000000003
358.77000000000004
358.73
365.01
364.98
349.36
349.32000000000005
384.0
383.96000000000004
345.59000000000003
345.55000000000007
311.7300000000001
311.69000000000005
377.22
377.18000000000006
339.80000000000007
339.76
369.98
369.94000000000005
355.73
355.70000000000005
347.90000000000003
347.86
355.74000000000007
355.70000000000005
357.6
357.56000000000006
324.70000000000005
324.66
355.44000000000005
355.40000000000003
287.73
287.69000000000005
370.31000000000006
370.2700000000001
334.01
333.97
342.05000000000007
342.01
375.7900000000001
375.75000000000006
341.24
341.20000000000005
343.66
343.62
367.25
367.21000000000004
350.26
350.22
385.19000000000005
385.15000000000003
392.68000000000006
392.65000000000003
398.08000000000004
398.04
365.69000000000005
365.6500000000001
434.7800000000001
434.74
429.12000000000006
429.08000000000004
411.90000000000003
411.86
423.68000000000006
423.64000000000004
484.38000000000005
484.34000000000003
387.25000000000006
387.21000000000004
441.58000000000004
441.5400000000001
413.20000000000005
413.1700000000001
393.3500000000001
393.31000000000006
457.18
457.14
350.83000000000004
350.80000000000007
405.18
405.14
388.80000000000007
388.76000000000005
404.62
404.58000000000004
422.45000000000005
422.4100000000001
312.7
312.66
396.99
396.95000000000005
367.26000000000005
367.22
337.06000000000006
337.02000000000004
372.28000000000003
372.24
318.81
318.77
328.02000000000004
327.98
362.80000000000007
362.76000000000005
315.22
315.18000000000006
328.9200000000001
328.88
370.2700000000001
370.23
388.25000000000006
388.21000000000004
373.89000000000004
373.85
314.5
314.46000000000004
392.20000000000005
392.16
369.0400000000001
369.01000000000005
345.0
344.96000000000004
338.54
338.5
345.7200000000001
345.68000000000006
309.82000000000005
309.78000000000003
297.04
297.0
370.75
370.71000000000004
299.39
299.35
258.7900000000001
258.75
286.80000000000007
286.76000000000005
223.36000000000004
223.32000000000005
224.67000000000004
224.63000000000005
190.30000000000004
190.26000000000005
179.56000000000003
179.52000000000004
156.92000000000004
156.88000000000005
160.68000000000004
160.64000000000004
107.53
107.49000000000001
179.94000000000003
179.90000000000003
63.48000000000003
63.45000000000003
46.65000000000002
46.61000000000002
64.19000000000003
64.15000000000003
70.06000000000003
70.02000000000002
59.17000000000002
59.13000000000002
62.230000000000025
62.200000000000024
50.01000000000003
49.97000000000003
-1.039999999999976
-1.0799999999999752
4.950000000000012
4.910000000000013
14.530000000000022
14.490000000000023
-68.63999999999999
-68.66999999999999
-103.37
-103.41000000000001
-75.55999999999999
-75.6
-53.319999999999986
-53.359999999999985
-34.16999999999999
-34.20999999999998
-37.26999999999998
-37.30999999999998
-22.389999999999986
-22.429999999999993
-80.96999999999998
-81.00999999999999
-87.67999999999998
-87.71999999999997
-81.52999999999999
-81.57
-25.59999999999998
-25.63999999999998
-16.62999999999999
-16.669999999999987
-57.94999999999998
-57.98999999999998
-37.70999999999998
-37.749999999999986
-105.18
-105.22
-5.6699999999999795
-5.699999999999981
-42.52999999999997
-42.56999999999997
-39.359999999999985
-39.399999999999984
-23.84999999999998
-23.87999999999998
-31.68999999999997
-31.72999999999997
-73.06999999999998
-73.10999999999997
-80.90999999999998
-80.93999999999998
-53.209999999999994
-53.239999999999995
-77.96999999999997
-78.00999999999998
-141.25
-141.29
-24.789999999999978
-24.82999999999997
-97.36999999999998
-97.40999999999998
-89.32999999999998
-89.36999999999999
-112.83
-112.86999999999999
-124.3
-124.33999999999999
-96.93
-96.96000000000001
-81.49999999999999
-81.53999999999998
-80.56
-80.6
-138.67999999999998
-138.71999999999997
-116.66
-116.69999999999999
-170.64999999999998
-170.69
-153.01
-153.04999999999998
-142.57
-142.60999999999999
-85.79999999999998
-85.83999999999997
-129.39999999999998
-129.44
-154.18
-154.21
-122.80999999999999
-122.85
-115.11999999999999
-115.16
-122.15999999999998
-122.19999999999999
-127.27
-127.30999999999999
-169.79999999999998
-169.83999999999997
-35.49999999999999
-35.53999999999999
-121.54999999999998
-121.58999999999999
-152.47
-152.51
-104.66999999999999
-104.71
-77.44
-77.47999999999999
-95.36999999999999
-95.39999999999998
-29.11999999999999
-29.149999999999977
-74.63
-74.66999999999999
-116.12999999999998
-116.16999999999997
-173.14
-173.18
-88.09
-88.13
-85.52999999999997
-85.56999999999996
-64.21
-64.25
-124.33999999999997
-124.37999999999997
-108.23999999999998
-108.26999999999998
-67.07
-67.10999999999999
-74.24
-74.28
-99.42
-99.46000000000001
-84.11999999999999
-84.16
-7.129999999999974
-7.169999999999975
24.93000000000002
24.890000000000022
-52.609999999999985
-52.64999999999999
46.12000000000003
46.08000000000003
-80.53999999999999
-80.57
-24.119999999999976
-24.159999999999975
-16.959999999999976
-16.99999999999998
-88.79999999999998
-88.83999999999999
19.800000000000026
19.760000000000026
-39.82999999999997
-39.869999999999976
88.88000000000002
88.84000000000002
37.60000000000002
37.56000000000003
-35.24999999999998
-35.289999999999985
63.67000000000002
63.630000000000024
-40.31999999999998
-40.359999999999985
8.690000000000019
8.65000000000002
-65.39999999999998
-65.43999999999998
94.43000000000002
94.39000000000001
2.190000000000019
2.15000000000002
-43.379999999999974
-43.409999999999975
-0.8199999999999807
-0.8599999999999799
42.14000000000002
42.10000000000002
14.89000000000002
14.850000000000017
7.47000000000002
7.430000000000021
69.12000000000003
69.08000000000003
21.00000000000002
20.960000000000022
95.43000000000004
95.39000000000003
42.81000000000003
42.77000000000003
105.88000000000002
105.84000000000003
120.16000000000003
120.12000000000002
70.84000000000003
70.80000000000003
23.190000000000026
23.160000000000018
128.16000000000003
128.12
103.33000000000004
103.29000000000002
47.61000000000003
47.57000000000002
127.66000000000003
127.62000000000003
148.19000000000003
148.16000000000003
96.61000000000001
96.58000000000001
43.76000000000002
43.72000000000003
0.6300000000000168
0.5900000000000176
5.280000000000015
5.240000000000016
37.67000000000003
37.64000000000003
33.35000000000002
33.310000000000024
-3.489999999999977
-3.5299999999999763
28.640000000000015
28.600000000000016
1.5200000000000298
1.4900000000000322
45.540000000000035
45.50000000000003
16.600000000000023
16.560000000000016
108.93000000000002
108.89000000000001
64.31000000000002
64.27000000000001
53.05000000000003
53.01000000000003
4.5600000000000165
4.520000000000017
149.48000000000002
149.45000000000002
51.560000000000024
51.520000000000024
55.710000000000015
55.680000000000014
10.150000000000023
10.11000000000002
73.07000000000002
73.03000000000003
99.41000000000001
99.37000000000002
46.750000000000014
46.710000000000015
-77.72999999999999
-77.76999999999998
4.110000000000017
4.0700000000000145
30.950000000000028
30.910000000000025
18.89000000000003
18.850000000000023
30.92000000000002
30.88000000000002
-17.94999999999998
-17.989999999999984
-64.13999999999999
-64.17999999999998
32.910000000000025
32.870000000000026
-16.369999999999983
-16.409999999999982
-54.66999999999999
-54.69999999999999
-15.309999999999981
-15.34999999999998
4.900000000000016
4.8600000000000145
-29.059999999999974
-29.089999999999975
-6.819999999999979
-6.859999999999978
38.180000000000014
38.140000000000015
5.130000000000031
5.090000000000032
22.05000000000001
22.010000000000012
6.04000000000002
6.000000000000021
-65.27999999999997
-65.31999999999998
62.22000000000003
62.18000000000002
32.580000000000034
32.540000000000035
-6.709999999999971
-6.74999999999997
25.740000000000023
25.700000000000028
104.78000000000003
104.74000000000001
125.67
125.63000000000001
20.180000000000028
20.14000000000003
-4.339999999999975
-4.379999999999974
26.200000000000024
26.160000000000025
51.59000000000002
51.55000000000002
70.70000000000002
70.66000000000003
7.720000000000024
7.680000000000023
99.50000000000003
99.46000000000004
120.02000000000002
119.98000000000003
100.55000000000003
100.51000000000002
47.85000000000002
47.82000000000002
125.79000000000002
125.75000000000003
122.00000000000003
121.96000000000002
181.29000000000002
181.25000000000006
87.94000000000003
87.91000000000003
147.87000000000003
147.83000000000004
154.49
154.45000000000005
220.57000000000005
220.53000000000003
140.55
140.51000000000002
138.77000000000004
138.73000000000002
180.71
180.67000000000002
217.20000000000005
217.16000000000003
261.72
261.68
230.09
230.05
203.07000000000005
203.03000000000003
203.85000000000002
203.81
297.99000000000007
297.95000000000005
277.23
277.19000000000005
228.58000000000004
228.54000000000002
225.97000000000003
225.93000000000004
249.82000000000002
249.78000000000003
307.5400000000001
307.50000000000006
235.19000000000005
235.15000000000003
277.36
277.32000000000005
279.59000000000003
279.55
276.69000000000005
276.65000000000003
301.24
301.20000000000005
329.25
329.21000000000004
272.65000000000003
272.61
301.14
301.1
310.18
310.14
258.51
258.47
327.90000000000003
327.86
374.95000000000005
374.9100000000001
307.37000000000006
307.33000000000004
327.6600000000001
327.62
362.72
362.68
344.32000000000005
344.28000000000003
325.11
325.07000000000005
380.69000000000005
380.65000000000003
385.59000000000003
385.55000000000007
414.55000000000007
414.51
410.34000000000003
410.30000000000007
444.79
444.75
450.14
450.11
426.63
426.59000000000003
421.97
421.93
434.81000000000006
434.77000000000004
452.1600000000001
452.12000000000006
435.43000000000006
435.39000000000004
472.70000000000005
472.6600000000001
458.24
458.20000000000005
485.1
485.06000000000006
491.69000000000005
491.6500000000001
455.39000000000004
455.35
434.44000000000005
434.4000000000001
464.45000000000005
464.41
423.86
423.82000000000005
476.9200000000001
476.88000000000005
483.95000000000005
483.91
474.0800000000001
474.0400000000001
467.53000000000003
467.49
470.96000000000004
470.9200000000001
503.58000000000004
503.5400000000001
470.15000000000003
470.11
490.93000000000006
490.89
383.31000000000006
383.27000000000004
493.39000000000004
493.35
502.46000000000004
502.4200000000001
493.81
493.77000000000004
480.20000000000005
480.1600000000001
463.33000000000004
463.2900000000001
496.28
496.24
480.87
480.83000000000004
441.6
441.56000000000006
467.12
467.08000000000004
438.91
438.87
460.51000000000005
460.47
455.80000000000007
455.76
442.71000000000004
442.6700000000001
432.19000000000005
432.15000000000003
414.7800000000001
414.74000000000007
449.88
449.84000000000003
440.94000000000005
440.90000000000003
436.7900000000001
436.75000000000006
467.53000000000003
467.5
438.61000000000007
438.57000000000005
424.04
424.0
415.40000000000003
415.36
441.12
441.08000000000004
481.58
481.54
437.13
437.1
462.03000000000003
461.99
510.13
510.09000000000003
523.12
523.08
560.33
560.2900000000001
511.47
511.43
566.72
566.6800000000001
549.1300000000001
549.0900000000001
548.1100000000001
548.0700000000002
544.94
544.9000000000001
571.4300000000001
571.3900000000001
580.6700000000001
580.6300000000001
579.1200000000001
579.08
573.9000000000001
573.8600000000001
556.4100000000001
556.3700000000001
572.72
572.6800000000001
572.1
572.0600000000001
585.23
585.19
598.08
598.0400000000001
599.0300000000001
599.0
568.1700000000001
568.1300000000001
598.45
598.4100000000001
604.6200000000001
604.58
593.0400000000001
593.0
609.3600000000001
609.3199999999999
609.63
609.59
606.37
606.33
601.09
601.0500000000001
597.8300000000002
597.7900000000001
611.3800000000001
611.34
586.0
585.96
586.6800000000001
586.64
599.98
599.94
587.9300000000001
587.89
601.0
600.96
610.5500000000001
610.51
616.5600000000001
616.52
615.74
615.7
616.71
616.6700000000001
607.24
607.2
600.72
600.6800000000001
610.9300000000001
610.8900000000001
607.07
607.03
617.1500000000001
617.1100000000001
624.9000000000001
624.86
599.23
599.19
608.21
608.1700000000001
624.0500000000001
624.0100000000001
643.96
643.9200000000001
621.3900000000001
621.3500000000001
629.8400000000001
629.8
622.23
622.19
658.19
658.1500000000001
638.7800000000001
638.74
615.8000000000001
615.76
642.6700000000001
642.6300000000001
647.59
647.5500000000001
651.1800000000001
651.1400000000001
639.98
639.94
661.55
661.51
665.6200000000001
665.58
649.03
648.99
660.19
660.1500000000001
653.75
653.71
656.2900000000002
656.2500000000001
675.52
675.48
657.32
657.28
675.61
675.5699999999999
669.69
669.6500000000001
668.22
668.1800000000001
687.71
687.6700000000001
680.72
680.6800000000001
685.8600000000001
685.8200000000002
697.69
697.6500000000001
684.7600000000001
684.7200000000001
688.6600000000001
688.6200000000001
699.1300000000001
699.0900000000001
693.8100000000002
693.7700000000001
701.6800000000001
701.6400000000001
706.49
706.45
717.2100000000002
717.1700000000001
708.1100000000001
708.07
702.3300000000002
702.2900000000002
711.4600000000002
711.4200000000001
688.95
688.9100000000001
702.46
702.4200000000001
688.98
688.94
684.4000000000001
684.3600000000001
696.7200000000001
696.6800000000001
694.6600000000001
694.6200000000001
687.5600000000002
687.5200000000001
686.6000000000001
686.5600000000001
686.6700000000001
686.6300000000001
693.0100000000001
692.97
644.7700000000001
644.7300000000001
688.2
688.1600000000001
644.3100000000001
644.2700000000001
664.7700000000001
664.7300000000001
659.48
659.44
658.3900000000001
658.3500000000001
643.5700000000002
643.5300000000001
618.49
618.45
640.3700000000001
640.3300000000002
632.4100000000001
632.3700000000001
665.9100000000001
665.87
618.8200000000002
618.7800000000002
635.0600000000001
635.0200000000001
662.22
662.1800000000001
646.3700000000001
646.3300000000002
622.5500000000001
622.5100000000001
648.5800000000002
648.5400000000001
648.5
648.46
657.36
657.32
640.52
640.48
665.76
665.72
670.06
670.02
659.6500000000001
659.61
666.1300000000001
666.09
666.6100000000001
666.57
656.1800000000001
656.1400000000001
657.69
657.6500000000001
659.9100000000001
659.8700000000001
663.6700000000001
663.6300000000001
668.97
668.9300000000001
664.0400000000001
664.0000000000001
650.84
650.8000000000001
645.52
645.48
680.9000000000001
680.8600000000001
669.9000000000001
669.86
677.82
677.7800000000001
689.1200000000001
689.0800000000002
683.24
683.2
694.1200000000001
694.0800000000002
687.33
687.2900000000001
705.3500000000001
705.3100000000001
682.49
682.45
702.8900000000001
702.85
698.3800000000001
698.3400000000001
704.0600000000001
704.02
709.2500000000001
709.2100000000002
692.97
692.9300000000001
707.6600000000001
707.6200000000001
703.8800000000001
703.8400000000001
711.3000000000002
711.2600000000001
704.6800000000001
704.6400000000001
695.59
695.5500000000001
693.97
693.9300000000001
708.6500000000001
708.6100000000001
689.1400000000001
689.1000000000001
698.8700000000001
698.8300000000002
710.95
710.9100000000001
698.85
698.8100000000001
718.0600000000001
718.02
699.21
699.1700000000001
704.4200000000001
704.3800000000001
718.6800000000001
718.6400000000001
712.08
712.04
701.96
701.9200000000001
718.8900000000001
718.85
709.0
708.96
726.5
726.46
715.4300000000001
715.3900000000001
720.5000000000001
720.46
700.5500000000001
700.5100000000001
722.19
722.1500000000001
722.98
722.94
738.1200000000001
738.08
727.71
727.6700000000001
731.1400000000001
731.1
736.1800000000001
736.1400000000001
742.23
742.19
743.2900000000001
743.2500000000001
739.4100000000001
739.3700000000001
743.9600000000002
743.9200000000001
759.76
759.72
760.9100000000001
760.8700000000001
753.0700000000002
753.0300000000001
757.8800000000001
757.8400000000001
771.0300000000001
770.99
761.7300000000001
761.69
760.3000000000002
760.2600000000001
768.51
768.47
770.8500000000001
770.8100000000002
769.46
769.4200000000001
780.0600000000001
780.0200000000001
766.6700000000001
766.6300000000001
774.6200000000001
774.58
769.7600000000002
769.7200000000001
773.5100000000001
773.47
773.6200000000001
773.58
772.9500000000002
772.9100000000002
769.5500000000001
769.5100000000001
770.3900000000001
770.3500000000001
769.44
769.4000000000001
769.8300000000002
769.7900000000002
774.9200000000001
774.8800000000001
769.73
769.69
770.8000000000001
770.7600000000001
769.3900000000001
769.3500000000001
761.1300000000001
761.09
764.2300000000001
764.1900000000002
768.44
768.4000000000001
770.9000000000001
770.8600000000001
773.0300000000001
772.9900000000001
765.6700000000001
765.6300000000001
769.2
769.1600000000001
771.3600000000001
771.32
769.2
769.1600000000001
772.9000000000001
772.8600000000001
774.19
774.1500000000001
777.6700000000001
777.6300000000001
779.4100000000001
779.3700000000001
784.8400000000001
784.8000000000002
780.1300000000001
780.0900000000001
786.9900000000001
786.9500000000002
782.0600000000001
782.0200000000001
785.69
785.6500000000001
793.8000000000001
793.76
788.7500000000001
788.71
792.2700000000002
792.2300000000001
794.3900000000001
794.3500000000001
797.1200000000001
797.0800000000002
795.0100000000002
794.9700000000003
793.4300000000001
793.3900000000001
801.5600000000001
801.5200000000001
799.7300000000001
799.6900000000002
800.4100000000001
800.3700000000001
797.3200000000002
797.2800000000001
793.2300000000001
793.1900000000002
799.5700000000002
799.5300000000001
801.0700000000002
801.0300000000002
800.0700000000002
800.0300000000002
801.5000000000002
801.4600000000002
802.4700000000001
802.4300000000002
796.8600000000001
796.8200000000002
802.9200000000002
802.8800000000002
800.4400000000002
800.4000000000002
789.3100000000002
789.2700000000002
801.0600000000002
801.0200000000002
801.9400000000002
801.9000000000002
805.5700000000002
805.5300000000002
799.8100000000002
799.7700000000002
807.1300000000002
807.0900000000001
806.9900000000002
806.9500000000003
801.9000000000002
801.8600000000001
806.9600000000003
806.9200000000002
806.9800000000002
806.9400000000003
803.4600000000003
803.4200000000002
803.3400000000001
803.3000000000002
806.7200000000001
806.6800000000002
806.1900000000003
806.1500000000002
808.0400000000002
808.0000000000002
806.3500000000001
806.3100000000002
805.9700000000001
805.9300000000002
806.0500000000002
806.0100000000002
810.0100000000002
809.9700000000003
804.6100000000001
804.5700000000002
805.2300000000002
805.1900000000003
808.3000000000002
808.2600000000002
807.2400000000002
807.2000000000003
806.9400000000002
806.9000000000002
808.0500000000002
808.0100000000002
808.6400000000002
808.6000000000001
806.8800000000002
806.8400000000003
806.5100000000002
806.4700000000003
807.4900000000002
807.4500000000003
806.9800000000002
806.9400000000003
807.6600000000002
807.6200000000001
806.7400000000002
806.7000000000003
807.2600000000002
807.2200000000003
807.2800000000002
807.2400000000002
805.8400000000003
805.8000000000002
806.2400000000002
806.2000000000003
807.3000000000002
807.2600000000002
804.3700000000002
804.3300000000002
805.9500000000003
805.9100000000002
808.8600000000002
808.8200000000003
807.0900000000001
807.0500000000002
807.2500000000002
807.2100000000003
809.5100000000002
809.4700000000003
806.9700000000003
806.9300000000002
807.2700000000002
807.2300000000002
806.8800000000002
806.8400000000003
809.1700000000003
809.1300000000002
807.7700000000002
807.7300000000002
810.3500000000003
810.3100000000002
805.0300000000002
804.9900000000002
807.3200000000002
807.2800000000002
806.8100000000002
806.7700000000002
807.9300000000002
807.8900000000002
807.6000000000001
807.5600000000002
807.5100000000002
807.4700000000003
809.1800000000003
809.1400000000002
807.2900000000002
807.2500000000002
809.0100000000002
808.9700000000001
808.3300000000002
808.2900000000002
804.9000000000002
804.8600000000002
807.0800000000002
807.0400000000002
809.4200000000003
809.3800000000002
808.3300000000002
808.2900000000002
808.8900000000002
808.8500000000003
809.3600000000001
809.3200000000002
808.3000000000002
808.2600000000002
806.7200000000001
806.6800000000002
808.6300000000002
808.5900000000001
810.7500000000002
810.7100000000003
806.4100000000002
806.3700000000001
806.4300000000002
806.3900000000001
809.7800000000002
809.7400000000002
804.7000000000003
804.6600000000002
805.4900000000002
805.4500000000003
805.6100000000002
805.5700000000002
806.2600000000002
806.2200000000001
804.8700000000001
804.8300000000002
809.3200000000002
809.2800000000002
805.1100000000001
805.0700000000002
804.8400000000001
804.8000000000002
809.0500000000002
809.0100000000002
