-2012.4400000000003
-2211.58
-1786.3300000000002
-1962.5700000000002
-1844.3300000000004
-1983.7900000000004
-1862.13
-1759.5500000000002
-2013.6800000000003
-2021.9100000000003
-2023.1800000000003
-2077.3900000000003
-1922.8300000000002
-1974.06
-2002.7800000000002
-1890.44
-1943.52
-2132.1900000000005
-1622.8200000000002
-1908.5100000000002
-2188.2100000000005
-2002.5800000000004
-2078.09
-1897.4900000000002
-2149.8500000000004
-1655.0800000000004
-1905.7900000000002
-1790.15
-1527.17
-1977.8000000000002
-1986.2200000000003
-1911.5300000000002
-1772.58
-1580.9900000000002
-1720.4100000000003
-1965.7800000000002
-2204.6500000000005
-1692.6100000000001
-2015.98
-2176.86
-2251.8700000000003
-1757.6100000000001
-1860.96
-1767.19
-1851.2800000000002
-1814.7600000000002
-1976.5400000000004
-2040.6300000000003
-1774.5100000000002
-2176.1200000000003
-2087.4000000000005
-1987.6900000000003
-2002.3900000000006
-2113.51
-1844.9500000000003
-1911.38
-2141.51
-1657.93
-2029.5700000000002
-2125.94
-1851.7600000000002
-2042.91
-1844.4
-1756.0900000000001
-1765.7600000000002
-1696.6600000000003
-2106.3
-1862.0500000000002
-1522.19
-2308.51
-1565.35
-2022.92
-2005.3400000000001
-1697.91
-1711.6
-2204.36
-2140.23
-1710.06
-1870.8000000000002
-2289.26
-2106.32
-1821.94
-1987.4900000000002
-1632.28
-1649.9399999999998
-1977.5900000000004
-1710.2400000000002
-2191.13
-1822.2600000000002
-2300.69
-1993.88
-1505.91
-1917.64
-1631.7800000000002
-1627.0500000000002
-1652.9
-1787.8200000000002
-1728.9099999999999
-1774.3200000000002
-1682.0800000000002
-1718.23
-1685.0500000000002
-1882.0300000000002
-1980.63
-2059.4
-1812.0300000000002
-1970.2400000000002
-1977.7200000000003
-1600.9100000000003
-1739.38
-1843.27
-1960.1200000000003
-2050.75
-2148.87
-1887.0900000000001
-1756.25
-1974.0500000000002
-1451.65
-1948.81
-1734.5000000000002
-2108.2000000000003
-1703.6
-2307.9500000000003
-1921.6600000000003
-1750.4500000000003
-1596.88
-2222.96
-1800.3700000000003
-2033.5700000000002
-1666.79
-1493.77
-1950.1100000000001
-1919.8100000000002
-1716.39
-1589.88
-1615.39
-1975.0500000000002
-1772.65
-1893.3100000000002
-2168.12
-1740.56
-2130.24
-1822.3700000000001
-2040.8500000000001
-1789.0500000000002
-1885.8600000000001
-2074.5600000000004
-2000.31
-1807.4
-1854.15
-1938.5300000000002
-1746.7
-1933.1600000000003
-1933.6400000000003
-1803.3300000000002
-1766.8899999999999
-1965.7800000000002
-2073.59
-1732.23
-1974.2200000000003
-1868.5900000000001
-1702.3700000000001
-1646.29
-1766.56
-1905.5500000000002
-1681.33
-1740.5
-1992.91
-1695.83
-1498.69
-2044.9300000000003
-2040.51
-2045.71
-1658.85
-1674.17
-1569.94
-2110.87
-1931.0700000000002
-2076.6700000000005
-2145.0800000000004
-1744.5800000000002
-2077.7000000000003
-2123.38
-2059.5600000000004
-1841.7700000000002
-1803.2800000000002
-1695.98
-1847.3400000000001
-1650.5400000000002
-1971.9500000000003
-2048.53
-1757.44
-1899.1200000000001
-1665.52
-1833.1800000000003
-2049.88
-1693.3200000000002
-2022.8300000000002
-1758.5300000000002
-1975.7400000000002
-1945.8000000000002
-1870.0900000000001
-1569.2200000000003
-1712.6000000000001
-2120.8500000000004
-1800.4300000000003
-1946.8200000000002
-1928.2200000000003
-2108.88
-1975.9700000000003
-2044.38
-1824.47
-1892.0000000000002
-1669.1900000000003
-1547.5400000000002
-1996.0900000000001
-2062.0200000000004
-2150.0400000000004
-1976.0700000000002
-1684.5
-2389.08
-1917.71
-1909.5900000000001
-2029.0500000000004
-2143.0600000000004
-1665.3700000000003
-1757.4
-1740.8500000000001
-2091.2200000000003
-2174.3
-1945.4100000000003
-1822.2300000000002
-2055.13
-1947.6800000000003
-1769.5400000000004
-2064.37
-2004.09
-1713.7800000000002
-1963.75
-1917.4000000000003
-1976.06
-2305.8900000000003
-1396.16
-1707.0900000000001
-1804.8900000000003
-1716.92
-2043.48
-1914.25
-1707.19
-1933.1900000000005
-1944.9700000000003
-1948.3500000000001
-1790.65
-2109.7400000000002
-2085.2000000000003
-1862.8500000000001
-2125.7100000000005
-1817.9500000000003
-1896.2000000000003
-1634.2800000000002
-2157.7400000000002
-2051.65
-2217.6000000000004
-1929.56
-2005.4500000000003
-1826.41
-1762.93
-1730.1800000000003
-1960.5400000000004
-1969.5100000000002
-1814.8900000000003
-1703.2800000000002
-1737.7000000000003
-1808.7000000000003
-1595.83
-1890.69
-1916.9600000000003
-1952.1500000000003
-1933.18
-2167.7800000000007
-1932.78
-2091.59
-1810.94
-2357.1900000000005
-1472.62
-1663.21
-2142.45
-1643.7400000000002
-1972.5000000000005
-2208.1600000000003
-2303.86
-1631.9700000000003
-1678.14
-1595.95
-1938.4
-1675.08
-1944.4
-1800.7800000000002
-1923.97
-1872.21
-2002.63
-1722.1100000000001
-1823.7500000000002
-2047.44
-1731.96
-1780.9200000000003
-1822.42
-1723.73
-1691.7300000000002
-1856.63
-2149.96
-1695.0300000000002
-1637.3000000000002
-2076.3200000000006
-1624.6
-2134.32
-1743.5500000000002
-2100.4500000000003
-1878.08
-1886.69
-1939.13
-1879.8400000000001
-1793.4800000000002
-1850.8300000000002
-1688.6
-2141.2400000000007
-1773.2000000000003
-1870.9300000000003
-1693.1399999999999
-2061.6000000000004
-1780.4900000000002
-1706.0
-1805.9900000000002
-1711.96
-1738.4500000000003
-1852.24
-1944.2000000000003
-1989.0200000000004
-1662.16
-1815.0500000000002
-1979.67
-1887.6600000000003
-1856.67
-1700.3100000000004
-1687.8600000000001
-2092.8900000000003
-1621.9200000000003
-1893.19
-1789.7400000000002
-1476.2900000000002
-2188.3700000000003
-1809.6699999999998
-1814.2900000000002
-2067.5800000000004
-1819.1400000000003
-1855.5500000000002
-1909.7900000000002
-1940.08
-1892.5900000000001
-1892.4300000000003
-1636.4
-1705.2200000000003
-1990.8200000000002
-1909.1700000000003
-2052.26
-1550.54
-1878.8300000000004
-1542.5400000000002
-1751.19
-1691.39
-2152.78
-1631.5300000000002
-1963.93
-2139.67
-2081.7400000000002
-2274.92
-2116.51
-1790.2500000000002
-1897.93
-1823.25
-1966.3200000000004
-2069.9700000000003
-1790.2600000000002
-1870.2400000000002
-2013.0800000000002
-1769.63
-2035.2
-1806.1100000000001
-2043.8400000000001
-1777.4700000000003
-1980.96
-1992.7700000000002
-1275.5300000000002
-1825.33
-2228.55
-1941.0100000000002
-1786.72
-1722.0100000000002
-1969.2200000000003
-2042.5100000000002
-1813.4300000000003
-1849.21
-1737.1600000000003
-1782.4
-2000.1200000000003
-2142.5600000000004
-1871.2800000000002
-1875.81
-2037.8500000000001
-1853.6800000000003
-2103.3600000000006
-1917.44
-1787.1100000000001
-1774.19
-1867.67
-2242.3
-2194.15
-1915.6200000000001
-1985.13
-2033.73
-2288.32
-1928.29
-2021.89
-1947.4600000000003
-2290.21
-2043.7400000000002
-2433.0000000000005
-1961.3600000000001
-1834.8400000000004
-2115.21
-1991.3800000000003
-1899.38
-2013.21
-1804.88
-2103.2000000000003
-1769.31
-1847.9700000000003
-1543.51
-1727.5
-2077.02
-1606.15
-2320.7100000000005
-1788.0200000000002
-1879.8400000000001
-1814.5600000000002
-2568.2000000000003
-1706.0900000000001
-1797.1000000000001
-1549.06
-1779.4900000000002
-1780.3600000000001
-1954.7000000000003
-1885.2100000000003
-2087.5
-1615.6800000000003
-1877.4400000000003
-1807.89
-1939.0
-1920.2900000000004
-1828.68
-2111.9300000000003
-1840.3500000000001
-1941.4200000000003
-1851.5800000000004
-1602.8600000000001
-1685.0000000000002
-1584.12
-1989.1599999999999
-1989.0600000000002
-1751.3700000000001
-1633.48
-2204.05
-2166.6400000000003
-1883.0300000000002
-2097.44
-1749.0700000000002
-2001.8800000000003
-1881.6600000000003
-1601.63
-1886.0400000000002
-2033.4
-1994.0900000000001
-2092.13
-1725.17
-1760.1200000000001
-1860.44
-1944.22
-2168.8100000000004
-2009.88
-1981.9300000000003
-2542.2500000000005
-2542.2900000000004
-1790.21
-2091.1900000000005
-1805.56
-1826.3200000000002
-1962.4000000000003
-1839.6000000000004
-1889.2600000000002
-1919.5800000000004
-1943.7700000000002
-1929.6700000000003
-1822.91
-2024.7000000000003
-1881.71
-2091.9800000000005
-2005.3900000000003
-1701.0
-1698.0
-1732.4400000000003
-1581.0600000000002
-1971.9900000000002
-2223.34
-1928.4500000000003
-2019.5100000000002
-1848.12
-1582.8500000000001
-1954.4900000000002
-1894.64
-1902.5600000000002
-1682.64
-1790.42
-1766.9800000000002
-2022.7200000000003
-2051.32
-1854.0100000000002
-1840.2400000000002
-2042.1100000000004
-1724.7800000000002
-2003.8700000000001
-2122.32
-1690.8700000000001
-1734.43
-1539.5500000000002
-1459.18
-1983.9500000000003
-1782.1400000000003
-1749.63
-1467.67
-1844.23
-2204.94
-1801.5200000000002
-1909.7800000000002
-2053.96
-2275.6800000000003
-1958.2500000000002
-2016.5800000000004
-1814.13
-1894.1200000000001
-1854.51
-2150.9300000000003
-2001.45
-1526.19
-2445.4000000000005
-1694.31
-1847.02
-1827.6700000000003
-2125.8900000000003
-1846.13
-1932.01
-1829.1100000000001
-1622.8000000000002
-1947.0300000000002
-1935.9300000000003
-1944.9100000000003
-2108.28
-1806.94
-1851.3300000000002
-1988.8900000000003
-1804.3500000000001
-1773.8500000000001
-1837.2800000000002
-1658.0900000000001
-1585.0400000000002
-1564.8400000000001
-2102.58
-1954.54
-2175.5600000000004
-1555.49
-2020.0500000000002
-1731.5
-1934.1400000000003
-1752.88
-1881.69
-1830.44
-1861.7400000000002
-2001.64
-1822.5
-1854.2600000000002
-1883.1800000000003
-1937.5300000000002
-1611.9099999999999
-1607.5500000000002
-2007.3600000000001
-1781.2500000000002
-2094.9500000000003
-2049.9100000000003
-1752.02
-1991.6800000000003
-1760.3500000000001
-1797.8400000000001
-2050.71
-1962.7500000000002
-1569.48
-1778.1000000000001
-2339.6200000000003
-1808.9900000000002
-1729.2700000000002
-1701.1800000000003
-1869.7100000000005
-1806.3300000000002
-1784.5500000000002
-1960.69
-1746.2400000000002
-1580.7900000000002
-2082.2400000000002
-1851.0800000000004
-2276.5200000000004
-1765.3600000000001
-1913.42
-1686.91
-1685.7900000000002
-1427.81
-1797.2200000000003
-1736.2800000000002
-2022.3100000000002
-2120.82
-1868.3300000000004
-1824.9500000000003
-1872.71
-1963.5400000000002
-1968.6400000000003
-1842.1200000000003
-1882.3300000000002
-2130.21
-1937.98
-1927.5500000000002
-1726.7000000000003
-2044.7800000000002
-1515.61
-1964.18
-1723.1000000000001
-1649.1200000000001
-1825.4
-1760.48
-1911.5800000000004
-1992.81
-2152.3500000000004
-2180.82
-1843.5800000000002
-1980.47
-2016.66
-2316.9300000000003
-1997.4200000000003
-2032.38
-1963.9
-1763.7
-2063.08
-1852.6000000000001
-2067.49
-1627.46
-1881.23
-2022.38
-1773.9900000000002
-2047.78
-1796.44
-1779.0600000000002
-1935.25
-1911.3500000000001
-1803.41
-1865.9700000000003
-1726.0300000000002
-2160.07
-1670.1800000000003
-1938.51
-1726.0800000000002
-1687.0400000000002
-1752.6000000000001
-1795.0900000000001
-2145.1900000000005
-2151.54
-1798.0
-2268.0700000000006
-1964.98
-1700.2800000000002
-1674.92
-2044.35
-1891.2200000000003
-1793.7400000000002
-1923.0300000000002
-1997.1
-1906.6300000000003
-1930.3400000000001
-1699.8600000000001
-1687.92
-1757.73
-2161.8900000000003
-1950.5600000000002
-1734.58
-1824.14
-1739.6600000000003
-1754.8000000000002
-1965.2900000000002
-1801.3200000000002
-1843.4800000000002
-1867.8600000000001
-1768.2200000000003
-1775.3400000000001
-2133.24
-1681.3400000000001
-2033.3100000000004
-2020.73
-1559.7
-1845.43
-1879.23
-1837.13
-1847.4200000000003
-1934.88
-2054.2200000000003
-1822.7000000000003
-1983.3500000000004
-1770.0900000000001
-1656.66
-2309.9400000000005
-2096.75
-1629.13
-1862.39
-1804.7000000000003
-1933.4500000000003
-1867.1100000000001
-1715.97
-1757.8300000000002
-1948.6000000000001
-2042.0600000000002
-1579.4800000000002
-2066.86
-1744.1800000000003
-1740.0900000000001
-2155.19
-2136.5800000000004
-2106.27
-1558.9
-1928.1100000000001
-1702.5900000000001
-1947.0700000000002
-2262.4700000000003
-2183.08
-2015.77
-1695.1200000000001
-1866.0100000000002
-1779.48
-2181.65
-1785.27
-1942.3700000000001
-1967.3600000000001
-1909.2900000000004
-2065.53
-1754.3300000000002
-1602.04
-1874.94
-1925.4800000000002
-1833.5100000000002
-2195.8900000000003
-1885.5100000000002
-1881.1400000000003
-1875.8900000000003
-1897.28
-1859.8000000000002
-1684.98
-1471.6100000000001
-1686.81
-2220.4700000000003
-1859.14
-1850.8400000000001
-1687.29
-1851.9
-1774.0200000000002
-1803.1
-2366.4700000000003
-1955.8700000000003
-1700.3400000000001
-2046.68
-1588.96
-1900.9900000000002
-1803.0500000000002
-1919.71
-2230.2999999999997
-1930.1000000000004
-2390.61
-2276.8600000000006
-2073.7900000000004
-1913.5100000000002
-1896.0300000000002
-1831.5100000000002
-1776.45
-1784.6600000000003
-1949.0200000000002
-2051.92
-1954.6800000000003
-1847.5900000000001
-1824.41
-1801.93
-1946.29
-1749.5900000000001
-1853.2800000000002
-2003.3000000000002
-1799.44
-1939.9500000000003
-1678.19
-1728.27
-1668.3200000000002
-1768.15
-1864.67
-1864.8500000000004
-2117.67
-2162.96
-1784.3600000000001
-1861.9000000000003
-1681.4300000000003
-1758.42
-1818.8500000000001
-2240.8500000000004
-1971.9100000000003
-1873.6600000000003
-1919.5000000000002
-1898.5500000000002
-2019.26
-1594.24
-2013.6200000000001
-1728.4600000000003
-1917.0500000000002
-1901.8900000000003
-1685.65
-1924.1400000000003
-1829.0400000000002
-1816.4100000000003
-1755.8000000000002
-2024.3100000000002
-1641.17
-2091.1900000000005
-1942.2100000000003
-2281.2900000000004
-2115.5600000000004
-2000.5500000000004
-1622.5800000000002
-2671.26
-1801.0900000000001
-1934.7700000000002
-1956.5100000000002
-1845.79
-1627.19
-1666.5900000000001
-1847.66
-2385.63
-1984.0300000000002
-2148.53
-2044.49
-1826.15
-1790.49
-1800.4700000000003
-1925.65
-2036.6
-2060.9100000000003
-1949.42
-1685.2500000000002
-1852.17
-1767.0300000000002
-1625.13
-1735.41
-1710.7200000000003
-2026.2000000000003
-1871.8900000000003
-1755.5200000000002
-1888.3100000000002
-2061.01
-1809.41
-2001.7600000000002
-1771.96
-2073.26
-1996.42
-1819.6500000000003
-2218.88
-1976.1000000000001
-1910.13
-1654.68
-1912.0200000000002
-1740.19
-2257.0700000000006
-1762.3400000000001
-2057.8900000000003
-1945.23
-1592.2000000000003
-2203.09
-2042.0200000000002
-1855.6400000000003
-1852.2600000000002
-1517.03
-1917.1
-2077.7400000000002
-1752.1000000000001
-1955.7600000000002
-1864.92
-2071.5800000000004
-1578.7700000000002
-1885.08
-1980.1800000000003
-1891.88
-1687.4500000000003
-2041.47
-2095.88
-1678.88
-1909.8600000000001
-1719.17
-1942.6000000000004
-1762.5100000000002
-1794.5
-1865.92
-1812.69
-1775.8500000000004
-1613.14
-1881.5900000000001
-1955.0400000000004
-1830.1000000000001
-1795.22
-1768.2400000000002
-1996.08
-1967.58
-1965.88
-1704.31
-2093.42
-2180.6800000000003
-1854.4300000000003
-2098.4500000000003
-1856.8300000000002
-1857.73
-1538.08
-1993.2800000000002
-1776.79
-1746.5400000000002
-2112.75
-1821.92
-1955.8000000000002
-1670.5000000000002
-1682.92
-1762.55
-1686.6800000000003
-1864.69
-1939.3200000000002
-2239.17
-2071.3500000000004
-1858.5700000000002
-2386.25
-2042.3000000000002
-2015.2700000000002
-1945.1200000000003
-1820.7300000000002
-2216.71
-1789.9100000000003
-1948.5100000000002
-1470.81
-1791.6100000000001
-1948.9400000000003
-2146.4000000000005
-1653.8000000000002
-1926.8100000000002
-1723.23
-2078.5200000000004
-1736.0100000000002
-1874.9300000000003
-2186.59
-1907.13
-1919.37
-2020.38
-2047.88
-1745.21
-1758.79
-2199.51
-2384.5
-1643.07
-1936.27
-1827.0700000000002
-1950.6800000000003
-2002.1100000000001
-1952.9600000000005
-2398.2900000000004
-1761.97
-1769.4900000000002
-1968.8700000000001
-1754.54
-1989.7600000000002
-2029.5
-1743.7
-2068.19
-1771.4900000000002
-1884.2500000000002
-1746.7400000000002
-1817.1200000000001
-2562.4
-1522.1100000000001
-1778.42
-1877.58
-1824.21
-1928.4900000000002
-1880.5200000000002
-2041.86
-1808.42
-2261.9700000000003
-1753.3400000000001
-1845.98
-1795.2200000000003
-1936.0300000000002
-1870.31
-1842.02
-2198.4400000000005
-1747.98
-1604.12
-1791.5900000000001
-1806.7200000000003
-1696.7000000000003
-2009.8000000000002
-2260.78
-1741.78
-2148.01
-2041.4
-1766.25
-1711.9
-1677.0900000000001
-1668.0500000000002
-2052.6900000000005
-1947.43
-1670.75
-1885.6900000000003
-1961.7200000000003
-1932.0800000000002
-1750.7800000000002
-1787.56
-1761.04
-1844.7200000000003
-1763.1900000000003
-1788.3000000000002
-1973.8400000000001
-1991.95
-2100.59
-1539.0800000000002
-1879.89
-2369.5400000000004
-2417.4500000000003
-2033.14
-2096.67
-1808.3400000000001
-2190.42
-1690.68
-1705.88
-2237.32
-1966.5100000000002
-2097.25
-1909.2900000000002
-2103.19
-2094.3900000000003
-1661.0100000000002
-1813.65
-1714.0000000000002
-1590.1800000000003
-2110.4800000000005
-1963.0600000000002
-1591.83
-1634.44
-2258.05
-2061.5600000000004
-2243.9100000000003
-2021.9200000000003
-1869.2800000000002
-1833.8100000000004
-1880.8100000000002
-1715.9800000000002
-1862.2200000000003
-2027.7400000000002
-1919.79
-2030.2800000000002
-1904.17
-1737.0400000000002
-1724.3700000000001
-2004.1000000000004
-2065.8
-1627.1800000000003
-2230.46
-1811.0700000000002
-1702.56
-2437.62
-2488.79
-2105.3500000000004
-1866.25
-1790.23
-1777.8600000000001
-1877.3600000000001
-1918.7200000000003
-1697.0900000000001
-1697.2400000000002
-2083.55
-1878.3300000000002
-1711.8700000000003
-2131.6600000000003
-1626.4100000000003
-2087.0
-1934.64
-1804.4
-1941.0100000000002
-1891.13
-2001.52
-2072.5600000000004
-2319.5200000000004
-1959.6000000000001
-1995.83
-1975.39
-1616.8000000000002
-1900.68
-2091.4400000000005
-1821.31
-2108.1500000000005
-1639.2400000000002
-2013.92
-1931.0500000000002
-2063.2700000000004
-1915.4
-1902.3200000000002
-2107.54
-1975.0500000000002
-1821.21
-2100.6400000000003
-1993.7700000000002
-2029.38
-2011.5500000000002
-2106.2400000000007
-1873.8800000000003
-2194.1600000000003
-1873.8800000000003
-1863.4200000000003
-2322.8700000000003
-1822.96
-1980.2000000000003
-2282.5400000000004
-1962.4100000000003
-1729.8600000000001
-1994.0900000000001
-2157.1800000000003
-1988.63
-2127.09
-1910.99
-2021.1100000000001
-1831.91
-2048.0600000000004
-1819.6200000000001
-2366.8500000000004
-1852.0800000000004
-1866.7000000000003
-1818.06
-1771.5500000000002
-1621.3700000000001
-1900.0400000000004
-1931.8500000000001
-1817.5400000000002
-2347.2200000000003
-1831.96
-2238.6600000000003
-1820.58
-1784.08
-1640.18
-1630.7
-1824.1800000000003
-1909.2300000000005
-1927.3300000000002
-1706.9900000000002
-1866.5500000000002
-1929.93
-1910.3200000000002
-1848.6200000000001
-2304.48
-2083.2700000000004
-1918.3700000000003
-1934.14
-1799.8200000000002
-2015.0100000000002
-1443.79
-1873.9100000000003
-1744.75
-1976.3200000000002
-1977.2100000000003
-2229.36
-1817.44
-2107.9900000000002
-2087.46
-2073.7300000000005
-1625.44
-2054.08
-1677.9300000000003
-1627.3600000000001
-2198.86
-2013.45
-2297.59
-2155.7400000000002
-1890.42
-1736.9900000000002
-2074.13
-2087.16
-1668.83
-1667.7200000000003
-1736.42
-1956.2000000000003
-1646.0
-2011.6600000000003
-2053.76
-1721.5500000000002
-1774.7700000000002
-1977.1800000000003
-1818.46
-1945.7600000000002
-2443.8900000000003
-1782.84
-1803.0000000000002
-2271.26
-1986.2100000000003
-1482.5700000000002
-2019.15
-1773.7600000000002
-1598.42
-2018.13
-1719.0100000000002
-1846.0800000000002
-1792.8500000000004
-1839.65
-2173.0200000000004
-1723.8600000000001
-2383.8500000000004
-1980.3600000000001
-2113.9800000000005
-1873.94
-2039.2500000000002
-1883.7200000000003
-1693.2400000000002
-1787.9900000000002
-1985.4700000000003
-2177.42
-1871.7800000000002
-1959.3900000000003
-1870.7700000000002
-1925.5700000000002
-2000.9100000000003
-1658.47
-1912.9800000000002
-1619.38
-1830.9700000000003
-2191.55
-2143.34
-1784.1400000000003
-1635.9900000000002
-1974.9100000000003
-1997.6300000000003
-1929.3700000000001
-1625.67
-1672.14
-1737.9900000000002
-1999.6200000000003
-2181.08
-1643.21
-1916.0
-1862.67
-2054.59
-1923.5600000000002
-2051.2
-1923.73
-1721.8300000000004
-2216.6000000000004
-2014.73
-2262.18
-2076.1400000000003
-2102.49
-1812.0400000000004
-1885.96
-1838.4800000000002
-2172.13
-1946.6400000000003
-2187.59
-1953.7
-2116.58
-2084.7300000000005
-1797.3500000000001
-1793.8700000000001
-1673.8400000000001
-2001.3400000000004
-1762.5500000000002
-1823.2600000000002
-1840.0
-1887.7200000000003
-1801.5800000000002
-2037.2600000000002
-1541.0500000000002
-1842.7300000000002
-1960.1100000000001
-1963.2800000000002
-2240.6200000000003
-1895.6200000000001
-2154.4700000000003
-2149.9
-1781.71
-2192.1600000000003
-2053.7000000000003
-1948.52
-1842.9700000000003
-2065.53
-1866.2400000000002
-1892.6800000000003
-1775.4900000000002
-1759.2400000000002
-2088.4700000000003
-1577.96
-1494.7400000000002
-1708.3200000000002
-1937.8100000000002
-1626.2400000000002
-2004.8100000000002
-2344.5600000000004
-1706.5700000000002
-1872.3700000000003
-1913.5200000000002
-2158.34
-2269.84
-2098.55
-2136.1900000000005
-2090.2000000000003
-1716.1000000000004
-1703.88
-2083.1200000000003
-1427.72
-1755.3600000000001
-1634.5300000000002
-1895.3500000000004
-2108.92
-1990.56
-1927.1200000000001
-1885.7300000000002
-1846.0500000000002
-1803.0000000000002
-1782.3600000000001
-1664.8700000000001
-1984.8700000000001
-1790.51
-2126.91
-2033.8700000000001
-1844.34
-2059.58
-1732.48
-2061.5600000000004
-1836.08
-1881.38
-1988.1100000000004
-1895.97
-2016.5800000000002
-1945.64
-2466.4400000000005
-2051.0
-1996.48
-1770.8400000000001
-1745.7900000000002
-1890.14
-1576.0700000000002
-1908.9700000000003
-1569.0
-1899.2700000000002
-1856.73
-1796.5200000000002
-2346.0200000000004
-1927.13
-2040.2200000000003
-2084.3500000000004
-1628.0300000000002
-1748.3700000000003
-1639.24
-2196.2300000000005
-1636.51
-2350.98
-1844.6400000000003
-1714.6000000000001
-1766.21
-1769.19
-1935.3100000000002
-2249.53
-1809.17
-1837.1000000000001
-1655.8899999999999
-2008.3000000000002
-2213.26
-1758.0000000000002
-2040.14
-1946.0100000000002
-2011.2800000000002
-1935.9300000000003
-1969.9
-1805.08
-1765.39
-1998.8700000000001
-1801.8400000000001
-1926.4100000000003
-2385.1800000000003
-1577.27
-1935.4500000000003
-2010.0700000000002
-1778.94
-2134.46
-1833.04
-2034.2400000000002
-2186.53
-1571.19
-1841.0
-1971.9800000000002
-1600.27
-2101.53
-2149.82
-1686.3000000000002
-1924.6100000000001
-1999.3000000000002
-2379.04
-1947.3300000000002
-1709.9200000000003
-1727.2800000000002
-2113.9300000000003
-2153.1100000000006
-2177.17
-1755.6000000000001
-2148.6500000000005
-1781.8300000000002
-1945.3700000000001
-1616.19
-2301.31
-1825.39
-1931.77
-1735.1100000000001
-2017.7900000000004
-1790.5
-2083.5000000000005
-1673.8700000000001
-1809.7600000000002
-2044.3200000000002
-2030.3200000000002
-1850.66
-1944.5900000000001
-1678.9300000000003
-1862.3100000000002
-1618.58
-2383.63
-1879.5100000000002
-1943.9200000000003
-1915.9900000000002
-1923.7200000000003
-2149.9900000000002
-1731.67
-2433.0800000000004
-1908.0100000000002
-1670.0900000000001
-1731.7700000000002
-1869.3000000000002
-1785.67
-2072.04
-1677.6200000000001
-1977.65
-2200.5700000000006
-1916.14
-1983.5600000000002
-1855.1000000000001
-2365.1600000000003
-1923.3600000000001
-1902.0100000000002
-1941.0500000000002
-2049.2200000000003
-1808.3700000000003
-2071.6200000000003
-1706.48
-2030.5000000000005
-1996.5800000000004
-1887.5700000000002
-1981.2900000000004
-2271.2900000000004
-1783.6200000000001
-1933.3100000000002
-1649.2800000000002
-1896.88
-1769.4900000000002
-1934.0300000000002
-1913.75
-1716.8000000000002
-1803.5500000000002
-1667.4900000000002
-2144.1600000000008
-1929.6600000000003
-2200.9500000000003
-1702.42
-1971.3400000000001
-2154.84
-2149.1000000000004
-1987.46
-1773.17
-1884.8200000000004
-2173.76
-1892.46
-1702.8500000000001
-2186.44
-1394.71
-2062.3600000000006
-2105.9900000000002
-1592.91
-2090.3100000000004
-2137.2000000000003
-1728.06
-1718.7700000000002
-2009.1800000000003
-1936.6900000000003
-1983.17
-1889.2400000000002
-1919.4300000000003
-1573.96
-1441.97
-2267.91
-2191.0200000000004
-1886.15
-2213.1800000000003
-1810.08
-2083.05
-2054.7300000000005
-1648.1100000000001
-1885.7800000000002
-2085.27
-2266.8900000000003
-1822.93
-2008.8700000000001
-1910.1000000000001
-1502.1100000000001
-2012.4600000000003
-2194.53
-1752.7400000000002
-1695.0800000000002
-2277.01
-1779.4
-2288.5200000000004
-1869.1400000000003
-1906.5500000000002
-2058.63
-1820.3200000000002
-1927.13
-1858.8300000000002
-2334.0200000000004
-1963.3800000000003
-2045.0800000000002
-2392.9700000000003
-1706.3900000000003
-1677.3700000000001
-1956.6800000000003
-2002.3100000000002
-2033.8700000000001
-2202.91
-2203.4200000000005
-2200.7700000000004
-1759.0500000000002
-1795.7900000000002
-1971.13
-2020.1200000000003
-1889.1300000000003
-1898.2000000000003
-1836.0500000000002
-1637.3200000000002
-2013.08
-2444.48
-2104.0600000000004
-1861.4
-1836.8700000000001
-1947.2600000000002
-1690.8400000000001
-1870.46
-1645.8500000000001
-1933.3100000000004
-1954.7000000000003
-1796.7600000000002
-1757.08
-2269.86
-2148.38
-1784.02
-1604.6800000000003
-1741.18
-2140.7200000000003
-2059.4
-1632.9900000000002
-1680.0900000000001
-2016.4
-1670.5700000000002
-1963.39
-2127.38
-1657.6100000000001
-1733.15
-1834.6800000000003
-1860.4300000000003
-2202.4
-1932.6000000000004
-1866.3100000000002
-1854.68
-1749.1800000000003
-1952.15
-1963.24
-2119.08
-2026.13
-2019.8100000000002
-2011.5400000000002
-2060.67
-1731.63
-2509.8
-1745.0700000000002
-2334.6000000000004
-1676.02
-1916.3100000000002
-1813.1000000000001
-2203.11
-1649.64
-1802.7000000000003
-1638.3300000000002
-1740.63
-1712.5
-2226.45
-2039.4500000000003
-1880.8000000000002
-1873.8300000000002
-2348.2000000000003
-1917.5900000000001
-1619.8200000000002
-2037.0600000000004
-2132.7200000000003
-2030.64
-1974.95
-1976.7900000000002
-1539.4500000000003
-2065.3
-2125.4100000000003
-1996.3100000000002
-1887.73
-1878.8100000000002
-1798.16
-1588.69
-1751.7200000000003
-1588.86
-1509.02
-1627.3000000000002
-1764.3000000000002
-1908.9800000000002
-2148.7200000000003
-1889.1200000000001
-1846.8400000000001
-1846.21
-1950.9900000000002
-2140.63
-1987.0800000000004
-2064.63
-2009.8100000000004
-1812.19
-2057.57
-1883.5900000000001
-2592.61
-2592.65
-1674.4800000000002
-2533.8
-1854.5800000000002
-1809.28
-2016.5600000000004
-1922.6900000000003
-1523.67
-1885.0400000000002
-1711.5700000000002
-1976.3600000000001
-1638.15
-2076.58
-2117.46
-1970.8100000000004
-1941.0800000000002
-2280.4000000000005
-2054.55
-1720.7500000000002
-1598.29
-1990.1800000000003
-1572.73
-2063.45
-1658.7400000000002
-1948.3500000000004
-1882.63
-1979.4600000000003
-1916.5500000000002
-1947.9500000000003
-1581.9300000000003
-1925.6000000000004
-1618.95
-1741.5600000000002
-2097.5000000000005
-2150.0300000000007
-1939.3200000000002
-2105.54
-1517.7900000000002
-1949.0500000000002
-1961.6800000000003
-2256.1200000000003
-1495.65
-2176.04
-1985.13
-1887.2600000000002
-1726.7700000000002
-2007.2400000000002
-2080.56
-1882.2000000000003
-1784.6600000000003
-1673.63
-1986.71
-1650.56
-1729.75
-1744.88
-2057.63
-1900.6100000000001
-1709.3600000000001
-1503.09
-1924.6400000000003
-2091.46
-1594.13
-1892.67
-2093.1400000000003
-1732.2400000000002
-2043.88
-1600.3600000000001
-1668.16
-1828.0300000000002
-1889.52
-1485.3000000000002
-2145.24
-1985.17
-1894.9900000000002
-1852.2600000000002
-1612.63
-2164.9800000000005
-1890.16
-1684.9700000000003
-1574.67
-1896.1900000000003
-1619.7400000000002
-1768.41
-2179.3900000000003
-1788.1000000000001
-1789.25
-1898.0200000000002
-1903.0
-1930.7900000000002
-2018.15
-1848.35
-1605.38
-1690.5
-1902.7200000000003
-1973.89
-1826.8400000000001
-1761.8
-1810.9600000000003
-1890.64
-1848.0900000000001
-1620.52
-1855.5300000000002
-1706.3200000000002
-1648.7000000000003
-1868.3100000000002
-1784.98
-1721.8700000000001
-1726.2300000000002
-1582.27
-2052.1800000000003
-1867.77
-1852.75
-2153.4700000000003
-2158.4400000000005
-1767.25
-1618.79
-2214.7300000000005
-1852.7800000000002
-1868.0600000000002
-1801.38
-1861.9900000000002
-1591.39
-2089.67
-1847.48
-1908.21
-2014.2100000000003
-1638.9900000000002
-1736.9900000000002
-1724.0600000000002
-1809.3700000000001
-1708.27
-2102.1700000000005
-2001.7400000000002
-1617.0700000000002
-1978.0500000000002
-1874.6600000000003
-1888.7400000000002
-2164.7200000000003
-1924.7300000000002
-2024.63
-2118.7400000000002
-2374.1600000000008
-2080.76
-1855.15
-1962.0700000000002
-1812.16
-1619.4
-1947.7400000000002
-2051.46
-1890.4100000000003
-2062.7400000000007
-1749.13
-1818.21
-1910.18
-1663.52
-1867.3100000000002
-1873.0200000000002
-2011.6600000000003
-2100.59
-2234.3700000000003
-1793.43
-1937.3400000000004
-2184.1200000000003
-1874.1100000000001
-2027.3400000000001
-1696.13
-1832.3100000000002
-1711.76
-1998.33
-1978.9900000000002
-2117.5
-1716.8200000000002
-1739.0400000000002
-1750.15
-2091.7400000000002
-1651.2300000000002
-2031.6800000000003
-1722.1800000000003
-1737.0400000000002
-1415.0
-1766.0900000000001
-1872.15
-1991.2700000000002
-2032.5700000000002
-1944.0400000000002
-2000.0400000000002
-2012.1100000000004
-1759.67
-1838.8300000000002
-1879.4900000000002
-1642.96
-1905.7600000000002
-1750.1200000000001
-1869.5
-2028.3600000000001
-1983.3000000000002
-2005.64
-2015.5000000000005
-1799.2700000000002
-1610.1000000000001
-1633.96
-2086.34
-1586.17
-1860.23
-2040.23
-1802.0800000000002
-2111.05
-1584.9
-1920.2000000000003
-1982.5300000000002
-2058.02
-2061.88
-2132.79
-2085.7200000000003
-2103.4700000000003
-1887.9400000000003
-1793.35
-1864.3300000000002
-1935.8400000000001
-1737.69
-1669.91
-2120.38
-1990.6900000000003
-2177.55
-1837.67
-1636.5700000000002
-2003.5200000000004
-1649.52
-2179.79
-2007.99
-1732.2400000000002
-2058.2000000000003
-2032.15
-1563.87
-2041.0300000000004
-1680.92
-1981.8200000000002
-1762.2
-1673.91
-2181.5400000000004
-2039.0500000000002
-1643.0700000000002
-1747.0
-2122.3900000000003
-1806.8500000000001
-1754.0700000000002
-1783.8300000000002
-2078.13
-1555.5200000000002
-1613.0600000000002
-2019.9600000000003
-1659.5700000000002
-1867.6000000000004
-1921.1600000000003
-1769.8300000000002
-1619.38
-2038.2500000000002
-1787.71
-2044.0100000000002
-1622.14
-2145.9000000000005
-2301.1100000000006
-2114.26
-2054.85
-1775.91
-2104.8599999999997
-1971.67
-1827.8500000000001
-1956.6600000000003
-1804.17
-2428.39
-1926.38
-2175.5800000000004
-2147.42
-1928.6100000000001
-2071.13
-1951.1000000000001
-1959.3700000000001
-1933.8000000000002
-1984.5400000000004
-1946.2800000000002
-2110.53
-1833.5800000000004
-1961.7600000000002
-1930.2600000000002
-2005.92
-1670.9700000000003
-1998.6400000000003
-2159.85
-1803.46
-1892.4700000000003
-1641.7900000000002
-1747.6000000000001
-1908.2900000000004
-1876.5000000000002
-2079.58
-1600.58
-1949.5100000000002
-1892.8000000000002
-2034.5900000000001
-2223.1200000000003
-2013.67
-1722.42
-1787.2600000000002
-2004.0900000000004
-1701.15
-2185.2400000000002
-2046.6000000000004
-2021.8100000000002
-1801.8400000000001
-1712.6200000000001
-1781.3200000000002
-1733.41
-1561.4500000000003
-1976.48
-1583.1100000000001
-1943.66
-1574.9
-2229.46
-1896.6200000000003
-2035.3200000000004
-1874.72
-1805.7200000000003
-2022.3200000000002
-1655.02
-1983.2400000000002
-1670.8400000000001
-1980.7900000000002
-1737.73
-1924.27
-1774.9600000000003
-2062.73
-1833.6100000000001
-1773.2200000000003
-1906.7600000000002
-2079.0200000000004
-2037.5700000000002
-1923.81
-2011.77
-1980.7300000000002
