-1749.52
-1749.5500000000002
-1823.8100000000002
-1823.8400000000001
-1780.78
-1780.81
-1767.73
-1767.76
-1844.7800000000002
-1844.81
-1866.88
-1866.9100000000003
-1843.4900000000002
-1843.5100000000002
-1759.1400000000003
-1885.0900000000001
-1885.1200000000001
-1838.25
-1838.28
-1857.6100000000001
-1857.64
-1769.5400000000002
-1769.5700000000002
-1757.04
-1757.0700000000002
-1093.33
-1007.61
-781.9300000000001
-747.98
-745.6800000000001
-674.78
-812.3500000000001
-801.37
-782.2900000000001
-720.7800000000001
-477.96000000000004
-384.35
-418.75
-371.45000000000005
-453.12
-427.81
-412.46
-444.03000000000003
-235.36999999999998
-243.26
-195.51999999999998
-174.39
-54.690000000000005
-163.68999999999997
-131.57999999999998
-89.56999999999998
-159.29
9.690000000000012
-67.89999999999998
-99.69999999999997
-77.29999999999997
-18.709999999999965
38.150000000000055
-130.29
141.09000000000006
141.11000000000004
-92.82999999999997
-135.23999999999998
-83.61999999999998
149.77000000000004
149.79000000000002
-32.419999999999966
120.71000000000005
120.73000000000005
-8.449999999999957
15.460000000000036
-98.89999999999996
23.48000000000005
23.510000000000062
25.35000000000005
25.37000000000006
35.72000000000004
27.290000000000056
27.310000000000066
-65.66999999999996
-65.64999999999996
-8.209999999999951
-8.189999999999959
41.010000000000055
191.71000000000004
191.73000000000008
124.95000000000005
124.97000000000006
17.90000000000004
17.920000000000037
-19.829999999999956
55.690000000000055
-101.00999999999999
26.77000000000004
-3.5299999999999727
-52.02999999999997
34.480000000000054
-143.55999999999995
-71.71999999999996
-246.55
-94.22999999999999
-25.24999999999996
-110.95999999999995
-136.31999999999996
-149.13
-58.16999999999995
-153.20999999999998
-96.42
-265.24999999999994
-103.53999999999999
-319.42
-104.96999999999997
-162.79999999999995
-41.01999999999997
-74.09999999999997
-123.19999999999996
36.13000000000004
-136.45
-54.71999999999996
-4.049999999999972
35.86000000000002
-162.10999999999999
-292.58
-239.01
-314.77
-188.60999999999999
-297.72999999999996
-377.97
-357.02000000000004
-281.45
-438.20000000000005
-335.65000000000003
-480.28
-298.53999999999996
-291.88
-189.32999999999998
-491.51
-435.06000000000006
-317.53
-313.77000000000004
-478.82
-396.9
-390.18
-434.78000000000003
-419.96000000000004
-332.18
-224.70999999999998
-283.08
-231.48999999999998
-203.65
-273.78000000000003
-41.65999999999998
-135.49999999999997
-107.03999999999996
-22.439999999999966
-97.54999999999995
14.16000000000004
-66.84999999999997
151.26000000000008
151.28000000000006
87.57000000000005
-84.87999999999997
-31.999999999999957
-27.389999999999972
118.43000000000004
118.45000000000003
35.91000000000004
57.93000000000004
-86.79999999999998
-19.72999999999997
182.75000000000006
182.77000000000007
63.92000000000003
-215.44999999999996
-153.29999999999998
-44.209999999999994
-80.22999999999998
-37.51999999999999
-24.289999999999978
-158.87999999999997
-147.58999999999997
-195.00999999999996
-107.77999999999999
29.270000000000046
-126.16999999999999
-83.55999999999997
18.810000000000045
-21.139999999999954
-116.01999999999995
4.310000000000059
88.94000000000004
175.40000000000003
175.42000000000002
-29.74999999999995
-29.729999999999947
20.17000000000005
27.27000000000004
146.05000000000004
146.07000000000005
-6.089999999999961
92.59000000000005
92.61000000000006
98.15000000000006
-34.78999999999996
38.31000000000005
38.33000000000006
-39.39999999999996
-39.37999999999997
73.24000000000004
73.26000000000003
125.23000000000006
125.25000000000007
37.80000000000004
37.820000000000064
217.38000000000008
217.4000000000001
68.84000000000006
68.86000000000006
85.35000000000005
85.37000000000006
169.37000000000006
169.39000000000007
76.89000000000007
76.91000000000008
49.74000000000006
49.76000000000007
0.4000000000000554
159.76000000000008
159.7800000000001
138.08000000000004
138.10000000000008
141.88000000000005
141.90000000000006
100.94000000000008
100.9600000000001
51.500000000000064
51.52000000000007
108.21000000000006
108.24000000000007
119.99000000000005
120.01000000000005
149.77000000000004
149.79000000000008
152.76000000000008
152.7800000000001
192.12000000000006
192.14000000000004
144.16000000000008
144.1800000000001
73.01000000000006
73.03000000000006
95.85000000000007
95.87000000000006
98.64000000000007
98.66000000000008
39.080000000000055
39.10000000000006
133.71000000000006
133.73000000000008
106.83000000000007
106.85000000000005
-128.13999999999996
-128.10999999999996
8.630000000000047
8.650000000000054
-31.78999999999994
-31.769999999999932
-27.429999999999936
-27.409999999999933
55.54000000000006
55.56000000000006
-37.61999999999994
-37.599999999999945
46.59000000000005
46.61000000000005
24.720000000000056
24.74000000000006
-125.82999999999993
-125.80999999999993
-160.29999999999995
-160.27999999999997
-214.28999999999994
-214.25999999999993
-126.12999999999995
-126.10999999999996
-298.59999999999997
-298.5799999999999
-209.85999999999996
-209.83999999999997
-174.73999999999995
-174.71999999999994
-259.30999999999995
-259.28999999999996
-267.2299999999999
-267.2099999999999
-297.15999999999997
-297.14
-304.02
-303.99999999999994
-326.28
-326.25999999999993
-348.55999999999995
-348.53999999999996
-333.79999999999995
-333.78
-397.16999999999996
-397.15
-298.68999999999994
-298.66999999999996
-414.28999999999996
-414.27
-375.19999999999993
-375.17999999999995
-413.4599999999999
-413.43999999999994
-393.62999999999994
-393.6099999999999
-378.31999999999994
-378.29999999999995
-460.2099999999999
-460.18999999999994
-382.17999999999995
-382.15999999999997
-279.3299999999999
-279.30999999999995
-362.35999999999996
-362.34
-348.03
-348.01
-337.36999999999995
-337.3499999999999
-300.31999999999994
-300.29999999999995
-346.35999999999996
-346.3399999999999
-374.25999999999993
-374.23999999999995
-299.0199999999999
-298.99999999999994
-406.98999999999995
-406.9699999999999
-241.36999999999995
-241.34999999999997
-250.55999999999995
-250.53999999999994
-282.99999999999994
-282.97999999999996
-201.12999999999994
-201.10999999999996
-240.75999999999996
-240.73999999999995
-146.43999999999997
-146.41999999999996
-263.59999999999997
-263.58
-112.31999999999994
-112.29999999999995
-291.0799999999999
-291.05999999999995
-284.18999999999994
-284.16999999999996
-253.37999999999994
-253.35999999999996
-154.64999999999998
-154.62999999999994
-191.82999999999998
-191.80999999999997
-249.60999999999996
-249.58999999999997
-125.78999999999994
-125.75999999999993
-38.62999999999994
-38.60999999999994
-31.73999999999994
-31.719999999999946
-5.449999999999932
-5.429999999999932
-41.80999999999995
-41.78999999999995
2.130000000000047
2.150000000000049
-88.45999999999995
-88.43999999999996
-178.13999999999993
-178.11999999999992
-105.49999999999997
-105.47999999999996
-7.309999999999947
-7.2899999999999405
113.79000000000005
113.81000000000006
-29.319999999999954
85.10000000000005
85.12000000000005
-23.939999999999948
30.650000000000055
30.670000000000055
-32.44999999999995
-32.42999999999995
-5.739999999999945
47.52000000000006
47.54000000000006
-9.149999999999952
-77.07999999999996
-2.6299999999999457
41.22000000000004
41.24000000000004
-105.51999999999998
-44.979999999999954
-44.95999999999995
47.39000000000005
47.41000000000005
42.11000000000005
-10.219999999999963
-34.489999999999945
-34.469999999999956
27.300000000000054
-7.1499999999999595
-7.129999999999961
183.60000000000005
183.62000000000006
79.56000000000006
79.58000000000006
81.69000000000005
-9.229999999999954
-9.209999999999962
75.04000000000005
137.85000000000005
137.87000000000006
226.42000000000007
226.45000000000007
56.970000000000056
56.99000000000005
75.27000000000005
75.29000000000005
158.25000000000006
158.27000000000007
90.36000000000003
90.38000000000004
135.37000000000006
135.40000000000006
-25.359999999999957
-25.339999999999954
159.88000000000005
159.9000000000001
126.40000000000006
126.42000000000006
166.97000000000008
-11.209999999999944
-11.189999999999955
149.40000000000006
162.32000000000008
162.34000000000006
-53.64999999999995
-53.61999999999995
219.17000000000007
219.19000000000005
0.420000000000055
-51.729999999999954
-51.709999999999944
-16.73999999999997
97.30000000000007
-1.4899999999999771
-1.4599999999999689
-65.28999999999994
-78.88999999999996
-168.92999999999998
-4.83999999999998
-128.28
-149.42999999999998
-72.06999999999998
-302.61
-252.82
-196.57
-278.53
-544.86
-485.91
-356.08
-311.91
-409.49
-296.56999999999994
-432.51
-316.58
-373.64
-322.45000000000005
-240.03
-322.04999999999995
-363.86
-206.96999999999997
-289.78
-389.1
-295.74999999999994
-270.38
-178.43999999999997
-182.63
-496.62999999999994
-377.98999999999995
-295.31
-411.0
-530.8399999999999
-356.34000000000003
-309.54
-380.56
-512.47
-547.7399999999999
-492.83000000000004
-534.1800000000001
-477.14
-626.0999999999999
-392.15
-747.87
-578.41
-705.6700000000001
-636.37
-715.1500000000001
-652.54
-607.31
-612.76
-662.1700000000001
-634.3100000000001
-639.07
-662.9300000000001
-861.73
-553.8
-758.14
-747.1800000000001
-651.13
-765.8299999999999
-792.6000000000001
-535.69
-619.2
-745.7500000000001
-676.6800000000001
-793.49
-655.27
-736.22
-890.13
-557.7
-613.7
-598.3900000000001
-916.2800000000001
-574.56
-566.7
-703.95
-695.02
-821.9200000000001
-698.4200000000001
-573.96
-708.82
-561.3299999999999
-694.8000000000001
-660.07
-711.31
-688.58
-579.0600000000001
-764.53
-690.47
-714.9100000000001
-730.2400000000001
-592.03
-603.38
-671.1999999999999
-696.1500000000001
-937.3700000000001
-624.22
-580.4000000000001
-751.4
-633.54
-596.9200000000001
-562.0900000000001
-699.5500000000001
-621.7800000000001
-717.95
-618.6000000000001
-672.3800000000001
-570.1400000000001
-687.1600000000001
-959.3200000000002
-750.44
-825.97
-563.09
-957.17
-761.6200000000001
-445.49
-671.52
-602.0600000000001
-453.52
-568.16
-584.8800000000001
-631.02
-373.45
-535.02
-524.7900000000001
-540.04
-452.06000000000006
-638.6199999999999
-483.74
-340.84000000000003
-429.72
-303.89
-489.6
-426.03
-365.71999999999997
-429.82
-382.37
-421.17999999999995
-429.0300000000001
-471.35999999999996
-464.05
-579.97
-557.8500000000001
-606.8299999999999
-420.89
-585.13
-529.82
-637.7400000000001
-622.91
-496.33000000000004
-777.52
-484.36
-760.98
-637.2
-786.2300000000001
-669.7900000000001
-570.31
-475.14
-536.09
-479.34000000000003
-604.9300000000001
-449.22
-543.5699999999999
-453.17
-529.74
-567.24
-375.29999999999995
-553.96
-593.54
-563.7299999999999
-454.87
-446.73
-519.83
-475.93000000000006
-413.45000000000005
-440.64
-589.5500000000001
-456.63
-591.56
-440.07000000000005
-462.11
-511.43
-576.72
-413.53000000000003
-400.0
-488.34000000000003
-331.74
-553.89
-395.7
-361.69
-369.93
-349.45
-316.14
-297.98999999999995
-346.81999999999994
-177.37
-192.41000000000003
-344.5
-191.19
-152.29999999999995
-205.76
-382.57
-383.08
-343.31
-306.65999999999997
-362.13
-420.83000000000004
-398.40000000000003
-319.94000000000005
-363.37000000000006
-489.38
-454.24000000000007
-328.35
-426.33000000000004
-592.95
-406.1
-301.89
-462.74
-404.7
-362.64000000000004
-377.44
-402.69
-301.62
-403.23
-294.68
-407.97
-278.38
-387.26
-289.16999999999996
-379.39
-284.46
-205.26999999999998
-309.86
-245.6
-242.2
-146.76
-239.27000000000004
-215.32999999999996
-238.57999999999996
-325.96999999999997
-240.22
-176.82999999999998
-12.82999999999997
-46.99999999999996
-128.26
-228.65999999999997
-28.659999999999958
-232.62
-46.29999999999996
-274.31999999999994
-94.42999999999998
-125.64999999999998
-6.85999999999995
-6.839999999999954
-14.029999999999959
-104.71999999999996
11.280000000000054
9.740000000000027
-78.70999999999995
56.41000000000004
31.540000000000052
5.740000000000045
173.45000000000002
160.45000000000005
160.47000000000006
58.85000000000005
58.87000000000005
101.45000000000005
101.48000000000005
236.60000000000005
236.62000000000006
158.05000000000007
158.07000000000005
214.10000000000008
214.12000000000006
127.03000000000004
127.05000000000004
201.4600000000001
201.48000000000008
96.32000000000006
96.34000000000006
139.69000000000008
139.71000000000006
29.18000000000007
29.200000000000067
64.08000000000007
64.10000000000007
-24.219999999999935
-24.19999999999994
12.54000000000007
12.560000000000073
24.07000000000007
24.090000000000067
-25.109999999999935
-25.089999999999932
92.96000000000006
92.98000000000006
65.07000000000006
65.09000000000006
46.360000000000056
46.38000000000005
44.42000000000006
44.44000000000006
45.61000000000006
45.630000000000074
70.35000000000005
70.37000000000006
-1.6899999999999356
-1.6699999999999324
29.32000000000006
29.340000000000067
61.850000000000065
61.87000000000006
-44.29999999999994
-44.27999999999994
-27.049999999999926
-27.02999999999993
-80.76999999999994
-80.74999999999993
-29.559999999999945
-29.539999999999946
-93.68999999999993
-93.66999999999993
-70.99999999999993
-70.97999999999993
-164.94999999999993
-164.92999999999992
-195.2199999999999
-195.19999999999993
-204.75999999999996
-204.73999999999995
-260.35999999999996
-260.3399999999999
-296.8999999999999
-296.87999999999994
-350.41999999999996
-350.3999999999999
-415.2099999999999
-415.17999999999995
-465.19
-465.16999999999996
-446.30999999999995
-446.28999999999996
-508.67999999999995
-508.65999999999997
-586.24
-586.22
-499.78999999999996
-499.77
-615.2399999999999
-615.2199999999999
-695.3299999999999
-695.3
-624.06
-624.04
-627.7399999999999
-627.7199999999999
-692.22
-692.1999999999999
-706.24
-706.22
-719.36
-719.34
-680.6899999999999
-680.6699999999998
-759.6300000000001
-759.61
-756.65
-756.63
-701.69
-701.6700000000001
-737.51
-737.49
-787.8
-787.78
-804.2299999999999
-804.2099999999999
-799.3599999999999
-799.3399999999999
-734.13
-734.1099999999999
-795.6399999999999
-795.6199999999999
-827.79
-827.77
-791.78
-791.76
-765.99
-765.97
-769.18
-769.1599999999999
-811.6199999999999
-811.5999999999999
-801.02
-801.0
-765.6699999999998
-765.6499999999999
-852.69
-852.67
-815.13
-815.11
-741.4799999999999
-741.4599999999999
-783.97
-783.95
-767.06
-767.04
-789.19
-789.1600000000001
-779.77
-779.75
-726.2
-726.1800000000001
-787.18
-787.16
-769.57
-769.55
-731.68
-731.66
-721.55
-721.53
-678.6899999999999
-678.67
-738.6099999999999
-738.5899999999999
-808.64
-808.6199999999999
-760.6799999999998
-760.6599999999999
-768.1099999999999
-768.0899999999999
-728.3
-728.28
-724.79
-724.77
-760.22
-760.1999999999999
-713.3199999999999
-713.3
-743.24
-743.2199999999999
-727.45
-727.4300000000001
-758.77
-758.75
-688.77
-688.75
-722.4
-722.3799999999999
-691.81
-691.79
-730.81
-730.79
-690.8
-690.78
-759.6199999999999
-759.5999999999999
-733.4
-733.38
-744.3199999999999
-744.3
-767.04
-767.02
-668.99
-668.97
-785.1599999999999
-785.1399999999999
-728.39
-728.37
-647.79
-647.77
-768.99
-768.9699999999999
-732.0
-731.98
-737.29
-737.27
-716.06
-716.04
-693.18
-693.16
-726.43
-726.4099999999999
-755.3499999999999
-755.3299999999999
-715.0899999999999
-715.0699999999999
-719.0699999999999
-719.05
-705.0
-704.98
-708.3799999999999
-708.3599999999999
-691.32
-691.3
-659.5999999999999
-659.5799999999999
-669.24
-669.22
-674.02
-674.0
-645.7299999999999
-645.7099999999999
-729.0699999999999
-729.04
-570.8999999999999
-570.8799999999999
-570.15
-570.1299999999999
-578.71
-578.69
-615.56
-615.54
-587.39
-587.37
-571.23
-571.21
-529.2099999999999
-529.1899999999999
-519.2399999999999
-519.2199999999999
-527.52
-527.5
-499.91999999999996
-499.9
-499.11
-499.09000000000003
-445.30999999999995
-445.28999999999996
-491.29999999999995
-491.28
-469.5799999999999
-469.54999999999995
-544.9299999999998
-544.9099999999999
-470.84
-470.81999999999994
-490.88999999999993
-490.8699999999999
-450.2399999999999
-450.2199999999999
-456.99999999999994
-456.9799999999999
-474.41999999999996
-474.4
-397.79
-397.77
-483.92999999999995
-483.90999999999997
-487.51
-487.49
-438.58
-438.55999999999995
-450.8199999999999
-450.7999999999999
-461.7299999999999
-461.7099999999999
-383.0299999999999
-383.0099999999999
-379.35999999999996
-379.3399999999999
-427.25999999999993
-427.2399999999999
-428.53
-428.51
-339.28
-339.25999999999993
-408.94999999999993
-408.92999999999995
-400.4099999999999
-400.38999999999993
-335.13999999999993
-335.11999999999995
-326.5899999999999
-326.56999999999994
-295.49999999999994
-295.4799999999999
-411.5199999999999
-411.49999999999994
-313.18999999999994
-313.16999999999996
-378.31999999999994
-378.29999999999995
-330.4299999999999
-330.4099999999999
-354.00999999999993
-353.9899999999999
-345.3999999999999
-345.37999999999994
-353.29999999999995
-353.2799999999999
-316.4
-316.37999999999994
-350.53999999999996
-350.52
-338.8599999999999
-338.8399999999999
-319.73999999999995
-319.71999999999997
-378.09999999999997
-378.0799999999999
-323.28999999999996
-323.27
-361.65999999999997
-361.64
-343.0099999999999
-342.9899999999999
-376.9599999999999
-376.93999999999994
-374.8399999999999
-374.81999999999994
-327.31999999999994
-327.29999999999995
-334.91999999999996
-334.8999999999999
-305.64
-305.61999999999995
-378.24999999999994
-378.22999999999996
-322.8599999999999
-322.8399999999999
-276.3499999999999
-276.3299999999999
-207.2199999999999
-207.1999999999999
-233.08999999999992
-233.06999999999994
-203.36999999999992
-203.3499999999999
-201.77999999999992
-201.75999999999993
-195.81999999999994
-195.79999999999993
-98.84999999999991
-98.82999999999993
-58.94999999999992
-58.929999999999914
-41.55999999999992
-41.53999999999992
-21.699999999999914
-21.67999999999991
53.600000000000094
53.62000000000009
7.040000000000099
7.060000000000095
84.88000000000008
84.90000000000008
72.56000000000009
72.58000000000008
114.3600000000001
114.38000000000008
111.91000000000011
111.93000000000009
175.17000000000007
175.19000000000005
212.4600000000001
212.4800000000001
226.29000000000008
226.3100000000001
208.28000000000006
208.30000000000007
343.7200000000001
343.7400000000001
252.47000000000008
252.4900000000001
405.97000000000014
405.9900000000001
410.25000000000006
410.2700000000001
449.37000000000006
449.39000000000004
432.80000000000007
432.8200000000001
354.7700000000001
354.79000000000013
461.73000000000013
461.75000000000006
310.2200000000001
310.24000000000007
306.44000000000005
306.46000000000004
480.70000000000005
480.72
410.6200000000001
410.6400000000001
501.9500000000001
501.97000000000014
474.8000000000001
474.8200000000001
505.58000000000004
505.6000000000001
536.7300000000001
536.7500000000001
364.85000000000014
364.8700000000001
384.9000000000001
384.9200000000001
341.7400000000001
341.7600000000001
389.6300000000001
389.6500000000001
535.3400000000001
535.3600000000001
453.10000000000014
453.1200000000001
468.44000000000017
468.46000000000015
434.5000000000001
434.5200000000001
452.43000000000006
452.4500000000001
410.34000000000015
410.3600000000001
525.3700000000001
525.3900000000001
549.32
549.3400000000001
506.3300000000001
506.35000000000014
409.3900000000001
409.4100000000001
400.68000000000006
400.7000000000001
407.9200000000001
407.94000000000005
466.1100000000001
466.1300000000001
491.1700000000001
491.1900000000001
523.3200000000002
523.3400000000001
512.1500000000001
512.1700000000001
442.6300000000001
442.6500000000001
404.3900000000001
404.41000000000014
393.6000000000001
393.6200000000001
524.3100000000002
524.3300000000002
450.47000000000014
450.4900000000001
444.08000000000015
444.10000000000014
446.1200000000001
446.1400000000001
483.29000000000013
483.3100000000001
501.7200000000001
501.74000000000007
504.6400000000001
504.66000000000014
364.09000000000015
364.1100000000001
486.2800000000001
486.3000000000001
521.1400000000001
521.1600000000001
470.78000000000014
470.8000000000001
423.9900000000001
424.01000000000016
459.9200000000001
459.94000000000005
478.0300000000001
478.0500000000001
468.8100000000001
468.83000000000015
469.0500000000001
469.0700000000001
442.0100000000001
442.0300000000001
358.30000000000007
358.3200000000001
448.40000000000015
448.42000000000013
518.7500000000001
518.7700000000001
399.9900000000001
400.0100000000001
506.36
506.38000000000005
432.0900000000001
432.11000000000007
468.4400000000001
468.4600000000001
448.73000000000013
448.7500000000001
487.4900000000001
487.5100000000001
482.4500000000001
482.47000000000014
510.0800000000001
510.10000000000014
437.1900000000001
437.2100000000001
509.4600000000001
509.48000000000013
346.2500000000001
346.2700000000001
451.2800000000001
451.3000000000001
500.3800000000001
500.4000000000001
474.8800000000001
474.90000000000015
451.1400000000001
451.1600000000001
444.0300000000001
444.0500000000001
492.6100000000001
492.6300000000002
414.5000000000001
414.52000000000015
510.99000000000007
511.0100000000001
477.10000000000014
477.1200000000001
492.80000000000007
492.82000000000005
430.2600000000001
430.2800000000001
399.2700000000001
399.2900000000001
493.8400000000001
493.8600000000001
537.7600000000001
537.7800000000002
485.0300000000001
485.0500000000001
504.9400000000001
504.9600000000001
435.83000000000015
435.85000000000014
539.8300000000002
539.8500000000001
468.5500000000002
468.57000000000016
450.69000000000005
450.7100000000001
496.2400000000001
496.2600000000001
471.5700000000001
471.59000000000015
422.8600000000001
422.8800000000001
485.2800000000001
485.30000000000007
489.25000000000006
489.27000000000004
472.55000000000007
472.5700000000001
513.5500000000002
513.5700000000002
479.63000000000005
479.65000000000003
441.62000000000006
441.6400000000001
434.08000000000004
434.1000000000001
460.98000000000013
461.0000000000001
516.3400000000001
516.3600000000001
451.6600000000001
451.6800000000001
452.1300000000001
452.1500000000001
416.4900000000001
416.5100000000001
493.0000000000001
493.0300000000001
428.5100000000001
428.5300000000001
510.9200000000001
510.94000000000005
477.2300000000001
477.25000000000006
575.5700000000002
575.5900000000001
430.5300000000001
430.55000000000007
462.83000000000004
462.8500000000001
493.8200000000001
493.8400000000001
440.07000000000005
440.09000000000003
453.9400000000001
453.9600000000001
288.63000000000005
288.6500000000001
479.74000000000007
479.7600000000001
472.7300000000001
472.7500000000001
304.6500000000001
304.6700000000001
375.58000000000004
375.6000000000001
377.67
377.69000000000005
327.2200000000001
327.2400000000001
352.2600000000001
352.2800000000001
358.2800000000001
358.30000000000007
286.64000000000004
286.66
164.60000000000008
164.6200000000001
280.87
280.89000000000004
234.05000000000007
234.07000000000005
104.77000000000005
104.79000000000005
297.28000000000003
297.3
284.5300000000001
284.55000000000007
71.76000000000005
71.78000000000006
151.59000000000006
151.61000000000004
194.60000000000005
194.62000000000006
-28.269999999999946
-28.24999999999994
119.05000000000004
31.050000000000033
-10.579999999999956
-10.559999999999945
101.82000000000004
101.84000000000003
37.89000000000006
37.91000000000005
170.64000000000004
-135.19999999999993
341.4900000000001
341.5100000000001
107.58000000000007
107.60000000000007
313.12000000000006
313.14000000000004
319.7900000000001
319.81000000000006
291.01000000000005
291.03000000000003
391.1000000000001
391.1200000000001
373.11000000000007
373.1300000000001
218.60000000000008
218.62000000000006
412.1600000000001
412.18000000000006
331.6400000000001
331.6600000000001
509.2100000000001
509.2300000000001
368.14000000000004
368.1600000000001
301.68000000000006
301.70000000000005
331.6200000000001
331.6400000000001
410.52000000000004
410.5400000000001
328.71000000000004
328.7300000000001
301.93000000000006
301.95000000000005
376.1200000000001
376.1400000000001
261.75000000000006
261.7700000000001
322.32000000000005
322.34000000000003
371.5900000000001
371.6100000000001
218.41000000000008
218.4300000000001
152.34000000000006
152.36000000000004
445.58000000000004
445.6
173.22000000000006
173.24000000000007
303.4500000000001
303.4700000000001
224.83000000000007
224.85000000000002
216.03000000000006
216.05
-27.96999999999999
-27.94999999999998
298.4200000000001
298.44000000000005
204.60000000000005
204.62000000000006
99.28000000000007
99.30000000000007
162.59000000000006
162.61000000000004
202.87000000000006
202.89000000000007
175.14000000000004
175.16000000000003
-15.989999999999942
-15.969999999999956
220.5300000000001
220.55000000000007
230.77000000000004
230.79000000000002
220.46000000000004
47.00000000000004
-40.16999999999997
-40.14999999999996
109.12000000000005
25.69000000000003
25.710000000000033
-72.90999999999997
35.39000000000006
-116.41
-10.589999999999982
-197.63999999999993
-307.62
-307.59999999999997
-49.37999999999999
-186.04999999999998
-186.03
-197.23
-171.94
-209.93
-253.89
-308.76
-366.7699999999999
-486.06000000000006
-315.49
-427.20000000000005
-396.42
-291.47999999999996
-506.66
-446.9
-631.28
-393.19000000000005
-801.5
-390.75
-763.34
-645.4100000000001
-571.04
-881.08
-701.8399999999999
-620.1600000000001
-683.72
-582.64
-568.6
-784.6700000000001
-834.9100000000001
-766.0100000000001
-772.5799999999999
-906.4
-719.21
-880.6600000000001
-717.54
-808.21
-597.5100000000001
-869.8200000000002
-832.0600000000001
-732.7800000000001
-719.1600000000001
-823.53
-661.05
-824.3700000000001
-733.59
-744.76
-748.6600000000001
-692.02
-723.49
-730.6100000000001
-770.95
-766.1000000000001
-810.61
-568.35
-651.13
-765.9000000000001
-523.22
-689.04
-631.6300000000001
-612.69
-576.3399999999999
-578.32
-614.6800000000001
-586.12
-728.1500000000001
-570.6700000000001
-650.86
-536.97
-757.9300000000001
-615.31
-653.34
-639.9000000000001
-603.22
-685.4000000000001
-568.1999999999999
-828.39
-543.9800000000001
-422.55
-634.06
-613.09
-461.71000000000004
-602.11
-657.6400000000001
-551.44
-550.27
-494.47
-511.04999999999995
-497.09000000000003
-411.1
-657.37
-520.6300000000001
-477.34
-365.58
-594.72
-633.3000000000001
-615.75
-606.28
-555.33
-439.70000000000005
-461.31000000000006
-673.29
-317.60999999999996
-872.7900000000001
-356.88
-709.87
-712.9300000000001
-527.28
-439.12
-554.6500000000001
-440.28
-488.17
-509.84000000000003
-749.75
-424.83000000000004
-371.97999999999996
-577.31
-468.45000000000005
-665.96
-418.4100000000001
-380.44999999999993
-419.96999999999997
-586.4100000000001
-390.5899999999999
-469.41
-434.46000000000004
-401.71
-439.04
-275.7
-260.67999999999995
-277.88999999999993
-298.27
-396.36999999999995
-312.4
-470.05
-470.03
-246.02999999999997
-246.01
-124.51999999999998
-124.48999999999997
-232.82999999999998
-232.81
-203.81
-203.78999999999996
-92.57999999999998
-266.78999999999996
-266.77
-229.24999999999994
-229.22999999999996
-24.24999999999995
-24.229999999999954
-260.63
-147.95999999999998
-122.84999999999997
-365.83
-198.07999999999998
11.90000000000002
-195.32999999999998
-134.96999999999997
-194.87000000000003
21.500000000000043
101.19000000000005
27.640000000000043
27.66000000000006
-37.989999999999924
-37.96999999999994
-118.59999999999997
-118.57999999999997
16.170000000000044
16.190000000000047
154.45000000000005
154.47000000000003
-35.849999999999966
-35.829999999999956
76.69000000000004
76.71000000000004
209.71000000000004
209.73000000000008
246.11000000000004
246.13000000000005
246.25000000000006
246.27000000000007
196.52000000000007
190.89000000000004
190.91000000000003
251.65000000000003
251.67000000000002
95.38000000000008
95.40000000000006
194.87000000000006
194.89000000000007
128.65000000000006
128.67000000000007
234.57000000000005
234.59000000000003
338.74000000000007
338.7600000000001
117.69000000000007
117.71000000000006
365.6100000000001
365.6300000000001
139.26000000000008
139.28000000000006
183.45000000000007
183.47000000000008
182.26000000000005
182.28000000000003
107.11000000000004
107.13000000000004
453.5700000000001
453.5900000000001
223.80000000000007
223.82000000000005
240.50000000000009
240.5300000000001
373.49000000000007
373.5100000000001
195.42000000000004
195.44000000000005
217.69000000000008
217.7100000000001
279.0100000000001
279.0300000000001
261.21000000000004
261.23
316.6600000000001
316.68000000000006
241.60000000000008
241.62000000000006
346.48000000000013
346.5000000000001
305.36000000000007
305.3800000000001
400.73000000000013
400.7500000000001
411.7800000000001
411.80000000000007
500.84000000000015
500.8600000000001
319.2200000000001
319.24000000000007
414.30000000000007
414.32000000000005
354.81000000000006
354.83000000000004
323.22
323.24
280.32000000000005
280.3400000000001
297.86000000000007
297.88000000000005
404.4200000000001
404.44000000000005
412.98
413.00000000000006
354.2800000000001
354.30000000000007
468.7600000000001
468.7800000000001
375.86
375.88000000000005
472.81000000000006
472.8300000000001
409.4500000000001
409.4700000000001
429.33000000000004
429.3500000000001
526.4100000000001
526.4300000000001
384.8900000000001
384.9100000000001
575.0800000000002
575.1000000000001
477.6400000000001
477.6600000000001
458.8500000000001
458.8700000000001
422.0000000000001
422.0200000000001
522.44
522.4600000000002
367.1
367.12000000000006
350.6500000000001
350.6700000000001
387.6
387.62000000000006
464.98
465.0
501.4500000000001
501.4700000000001
377.1700000000001
377.1900000000001
442.9900000000001
443.0100000000001
435.0800000000001
435.1000000000001
392.23
392.2500000000001
326.1000000000001
326.12000000000006
389.86000000000007
389.8800000000001
121.55000000000007
121.58000000000007
248.04000000000005
248.06000000000006
190.74
190.76000000000002
122.53000000000006
122.55000000000005
138.89000000000004
138.91000000000003
188.30000000000007
126.61000000000004
136.47000000000006
136.49000000000004
-102.13999999999996
-77.03999999999999
-77.01999999999998
-51.63999999999997
-178.29
-144.51999999999998
-196.31999999999996
-6.09999999999998
79.99000000000002
-220.37999999999997
-353.06
-307.66
-908.76
-911.72
-1199.22
-1095.06
-1016.95
-1068.76
-1123.9
-1174.48
-1317.06
-1445.47
